timestamp,sum,mean,median,count,rate,btc_price,last
1581839995.5257196,258.04,0.19,0.2,1381,0.77,9968.7,-0.09
1581840025.8167589,261.93,0.18,0.2,1433,0.8,9973.3,0.1
1581840056.8253884,265.66,0.18,0.2,1458,0.81,9973.76,-0.03
1581840088.2711437,273.87,0.18,0.2,1485,0.83,9973.77,0.14
1581840120.353318,280.26,0.19,0.2,1504,0.84,9975.77,0.64
1581840152.1153798,283.15,0.19,0.2,1527,0.85,9972.02,-0.2
1581840183.402242,283.16,0.19,0.2,1524,0.85,9972.02,0.2
1581840213.5183086,285.55,0.18,0.2,1560,0.87,9973.12,0.69
1581840244.2940834,289.54,0.18,0.2,1568,0.87,9973.14,0.7
1581840274.5007389,290.1,0.18,0.2,1591,0.88,9973.14,0.46
1581840308.3436172,293.87,0.18,0.2,1598,0.89,9973.13,0.23
1581840339.8655715,294.6,0.18,0.2,1605,0.89,9973.13,0.73
1581840370.1169226,299.92,0.19,0.2,1608,0.89,9976.91,0.14
1581840401.9305446,301.1,0.19,0.2,1620,0.9,9975.15,0.3
1581840432.407851,304.21,0.19,0.2,1630,0.91,9975.15,0.52
1581840463.2923446,311.28,0.19,0.21,1642,0.91,9972.01,0.87
1581840493.4656847,315.75,0.19,0.21,1647,0.92,9966.17,0.72
1581840525.9463751,321.02,0.19,0.21,1658,0.92,9970.47,0.66
1581840559.0216827,322.68,0.19,0.21,1661,0.92,9968.84,-0.03
1581840589.4167428,323.53,0.19,0.21,1667,0.93,9969.95,0.18
1581840619.6561282,324.17,0.19,0.21,1673,0.93,9969.96,-0.15
1581840651.6824713,323.29,0.19,0.21,1681,0.93,9969.96,0.67
1581840681.7539635,325.92,0.19,0.21,1672,0.93,9969.64,0.39
1581840711.9975748,326.14,0.2,0.21,1672,0.93,9969.64,-0.14
1581840742.6338918,323.21,0.19,0.21,1680,0.93,9969.65,0.19
1581840773.2369928,328.38,0.19,0.21,1700,0.94,9969.65,0.3
1581840804.9643095,329.69,0.19,0.21,1703,0.95,9969.37,0.01
1581840835.8181717,330.47,0.19,0.22,1697,0.94,9968.21,0.29
1581840866.0912957,332.82,0.19,0.22,1711,0.95,9965,-0.04
1581840897.2722433,335.15,0.2,0.22,1707,0.95,9965,0.27
1581840927.5020778,336.31,0.2,0.22,1718,0.95,9962.93,-0.2
1581840958.496114,338.11,0.2,0.22,1715,0.95,9962.69,0.44
1581840988.5539153,342.17,0.2,0.22,1740,0.97,9960.01,-0.15
1581841020.9409466,345.29,0.2,0.22,1760,0.98,9963.04,0.23
1581841051.5941083,340.71,0.19,0.22,1761,0.98,9962.69,0.23
1581841082.1393018,341.84,0.19,0.22,1762,0.98,9963.35,0.35
1581841112.7792208,340.16,0.19,0.21,1797,1,9961.77,0.16
1581841143.7586381,343.92,0.19,0.21,1807,1,9955.18,0.21
1581841174.089978,343.7,0.19,0.21,1829,1.02,9951.92,-0.17
1581841205.2856119,343.8,0.19,0.21,1830,1.02,9951.84,-0.6
1581841236.128183,347.77,0.19,0.21,1844,1.03,9951.85,0.41
1581841266.1854553,348.49,0.19,0.21,1855,1.03,9951.86,-0.01
1581841296.9152431,349.22,0.19,0.21,1852,1.03,9951.86,0.2
1581841327.9182167,351.18,0.19,0.22,1849,1.03,9951.88,0.31
1581841360.4289405,348.91,0.19,0.21,1860,1.03,9951.9,0.12
1581841390.5434792,349.96,0.19,0.21,1866,1.04,9952.01,0.28
1581841420.736898,353.06,0.19,0.21,1886,1.05,9954.16,0.34
1581841451.6004663,358.11,0.19,0.21,1891,1.05,9954.16,0.3
1581841483.3728077,361.48,0.19,0.21,1903,1.06,9954.17,-0.03
1581841513.6559033,360.39,0.19,0.21,1900,1.06,9954.19,0.1
1581841543.6665318,355.79,0.19,0.21,1901,1.06,9954.21,-0.17
1581841575.7711391,356.04,0.19,0.2,1914,1.06,9954.23,0.51
1581841605.962438,358.59,0.19,0.21,1908,1.06,9954.25,-0.05
1581841636.2641304,364.23,0.19,0.21,1933,1.07,9954.26,0.23
1581841667.1329412,369.37,0.19,0.2,1948,1.08,9954.29,-0.12
1581841697.1748693,366.17,0.19,0.2,1950,1.08,9954.29,0.68
1581841729.1114707,370.03,0.19,0.2,1958,1.09,9959.38,0.39
1581841759.8544202,369.64,0.19,0.2,1958,1.09,9962.17,-0.14
1581841790.8719344,367.29,0.19,0.2,1952,1.08,9962.18,0.38
1581841821.0968747,367.61,0.19,0.2,1915,1.06,9963.17,0.55
1581841854.7662582,362.92,0.19,0.2,1889,1.05,9963.17,0.42
1581841884.818474,360.47,0.19,0.2,1872,1.04,9963.17,0.74
1581841915.1039484,359.54,0.19,0.2,1867,1.04,9962.17,0.17
1581841945.6561675,356.81,0.19,0.2,1856,1.03,9963.17,0.25
1581841975.8189573,351.97,0.19,0.2,1851,1.03,9969.52,0.65
1581842006.4751656,350.67,0.19,0.2,1831,1.02,9974.56,-0.22
1581842039.882074,346.55,0.19,0.2,1808,1,9973.43,-0.3
1581842071.0352664,349.94,0.2,0.21,1788,0.99,9974.56,0.57
1581842102.1940255,342.56,0.19,0.21,1772,0.99,9977.79,0.17
1581842132.827869,341.07,0.19,0.2,1776,0.99,9978.27,-0.7
1581842164.9778063,338.93,0.19,0.2,1788,0.99,9979.66,0.14
1581842200.0861497,336.25,0.19,0.2,1773,0.99,9979.66,0.12
1581842231.4011657,330.81,0.19,0.2,1765,0.98,9979.66,-0.1
1581842261.593953,331.6,0.19,0.2,1769,0.98,9980.83,0.34
1581842291.6189108,327.4,0.19,0.19,1765,0.98,9980.83,-0.38
1581842323.6867955,325.95,0.19,0.19,1755,0.98,9980.69,0.14
1581842355.682848,328.86,0.19,0.2,1762,0.98,9979.67,0.68
1581842386.2449987,331,0.19,0.2,1768,0.98,9977.67,0.4
1581842416.432173,333.46,0.19,0.2,1781,0.99,9977.67,0.5
1581842448.7226465,339.01,0.19,0.2,1792,1,9979.67,0.16
1581842478.9539654,343.33,0.19,0.2,1810,1.01,9980.28,0.87
1581842510.857321,345.39,0.19,0.2,1818,1.01,9980.29,-0.14
1581842541.6689558,345.12,0.19,0.2,1813,1.01,9980.29,-0.27
1581842572.5599728,340.68,0.19,0.2,1802,1,9980.29,-0.78
1581842602.7178493,339.61,0.19,0.2,1813,1.01,9980.83,0.14
1581842633.3119764,340.47,0.19,0.2,1822,1.01,9980.83,0.45
1581842663.436716,338.93,0.19,0.2,1821,1.01,9980.83,0.31
1581842694.4053054,342.08,0.19,0.2,1827,1.02,9988,0.18
1581842725.578737,346.8,0.19,0.21,1839,1.02,9994.25,0.17
1581842757.9517295,350.55,0.19,0.21,1849,1.03,10006.18,0.73
1581842788.2159514,346.08,0.19,0.21,1833,1.02,10006.2,-0.14
1581842819.3637903,346.63,0.19,0.2,1830,1.02,10007,0.22
1581842850.1931689,359.15,0.2,0.21,1840,1.02,10016.93,0.69
1581842884.2251606,360.22,0.2,0.21,1843,1.02,10014.24,-0.6
1581842914.9946644,364.35,0.2,0.22,1825,1.01,10018.38,0.2
1581842945.1712139,362.88,0.2,0.22,1825,1.01,10019.17,0.24
1581842975.8261797,366.69,0.2,0.22,1813,1.01,10019.17,0.36
1581843006.1620445,365.13,0.2,0.22,1817,1.01,10018.36,-0.14
1581843036.699509,365.39,0.2,0.22,1819,1.01,10013.35,-0.14
1581843067.1049206,366.3,0.2,0.22,1817,1.01,10013.34,0.19
1581843097.7304823,368.23,0.2,0.22,1824,1.01,10013.34,0.46
1581843128.610897,369.25,0.2,0.22,1831,1.02,10011.03,0.45
1581843160.5869977,372.19,0.2,0.22,1826,1.01,10011.03,0.82
1581843191.491585,372.86,0.2,0.22,1824,1.01,10011.05,-0.06
1581843221.57982,371.97,0.21,0.23,1805,1,10011.05,0.82
1581843252.297631,369.76,0.21,0.23,1802,1,10011.05,0.26
1581843282.7644207,368.18,0.2,0.22,1817,1.01,10006.1,0.09
1581843314.1709888,369.85,0.2,0.22,1828,1.02,10006.23,0.09
1581843345.666065,373.98,0.21,0.23,1820,1.01,10008.72,-0.14
1581843375.8682692,376.81,0.21,0.23,1831,1.02,10008.72,-0.18
1581843406.2382765,376.19,0.21,0.23,1828,1.02,10006.24,-0.46
1581843436.7712405,377.03,0.21,0.23,1815,1.01,9986.96,0.23
1581843469.0700686,371.05,0.2,0.23,1823,1.01,9988.11,0.7
1581843499.675769,373.14,0.21,0.23,1814,1.01,9990.92,-0.03
1581843529.888374,379.3,0.21,0.23,1828,1.02,9985.25,0.16
1581843561.8881493,385.02,0.21,0.23,1843,1.02,9991.82,0.57
1581843592.0804615,384.14,0.21,0.23,1838,1.02,9993.9,-0.15
1581843622.6116488,387.34,0.21,0.23,1872,1.04,10002.04,-0.12
1581843653.7435963,391.91,0.21,0.23,1893,1.05,10002.04,0.07
1581843683.8777816,388.78,0.2,0.23,1898,1.05,10002.04,0.42
1581843714.617681,387.53,0.2,0.23,1901,1.06,10003.18,0.14
1581843747.4192078,387.57,0.2,0.23,1906,1.06,10003.18,-0.15
1581843778.3459685,392.83,0.2,0.23,1918,1.07,10003.18,-0.54
1581843809.2949522,396.69,0.2,0.23,1939,1.08,10003.17,0.03
1581843839.8507788,402.29,0.21,0.23,1957,1.09,10003.18,-0.55
1581843871.4205394,401.16,0.2,0.23,1961,1.09,10003.18,0.33
1581843902.061169,408.04,0.21,0.23,1980,1.1,10003.18,0.67
1581843933.6501338,406.14,0.21,0.23,1964,1.09,10007.04,-0.14
1581843964.5403218,410.51,0.21,0.24,1963,1.09,10006.86,0.45
1581843995.126341,421,0.21,0.23,1996,1.11,10008.47,0.22
1581844025.5843706,424.8,0.21,0.24,2002,1.11,10008.47,-0.3
1581844056.495906,419.2,0.21,0.24,1984,1.1,10008.47,0.33
1581844086.8852348,420.91,0.21,0.24,1990,1.11,10008.47,0.23
1581844119.75439,421.05,0.21,0.24,1986,1.1,10007.63,0.89
1581844150.8019717,421.18,0.21,0.23,1990,1.11,10005.32,-0.3
1581844181.481405,416.91,0.21,0.23,1982,1.1,10004.35,-0.23
1581844212.4259293,415.18,0.21,0.23,1971,1.1,10000.01,0.24
1581844243.2209334,410.05,0.21,0.23,1942,1.08,10000.01,0.87
1581844273.70181,408.23,0.21,0.23,1937,1.08,10000.02,0.29
1581844304.181959,405.22,0.21,0.23,1930,1.07,10000.01,0.72
1581844335.6532838,405.37,0.21,0.23,1926,1.07,10000.01,0.33
1581844366.7283535,415.19,0.21,0.23,1946,1.08,10000,0.51
1581844397.1339939,438.8,0.22,0.24,1973,1.1,10000.01,0.76
1581844428.9852233,452.98,0.23,0.24,1982,1.1,10000.01,0.59
1581844459.166847,451.83,0.23,0.24,1979,1.1,10004.73,-0.15
1581844489.591564,456.61,0.23,0.24,1979,1.1,10008.45,0.54
1581844520.071769,456.82,0.23,0.24,1978,1.1,10009.97,0.09
1581844550.1445947,465.89,0.23,0.24,1989,1.11,10009.87,0.21
1581844580.3977966,470.68,0.24,0.24,1989,1.11,10009.87,0.24
1581844611.3545878,474.95,0.24,0.24,1988,1.11,10009.88,0.31
1581844643.5623,473.33,0.24,0.24,1981,1.1,10003.94,0.81
1581844674.3901317,473.22,0.24,0.24,1996,1.11,10000.29,0.46
1581844704.8241994,472.91,0.24,0.24,1987,1.1,10000.28,0.95
1581844735.1208434,475.19,0.24,0.24,1990,1.11,10000.8,0.33
1581844765.9157374,477.34,0.24,0.24,1990,1.11,10002.11,0.4
1581844796.863628,478.94,0.24,0.24,1993,1.11,10002.11,0.22
1581844827.2014408,479.65,0.24,0.24,1992,1.11,10008.62,0.23
1581844858.5643423,481.87,0.24,0.24,1984,1.1,10008.62,0.51
1581844889.0119674,482.77,0.24,0.24,1987,1.1,10006.27,-0.1
1581844921.1689444,483.45,0.24,0.24,1982,1.1,10006.27,0.95
1581844951.3427343,482.28,0.24,0.24,1978,1.1,10005.01,0.24
1581844982.7428963,477.36,0.24,0.24,1970,1.1,10005.01,0.55
1581845013.1519382,481.5,0.24,0.25,1969,1.09,10006.51,0.95
1581845044.1168144,483.15,0.24,0.25,1978,1.1,10009.29,0.44
1581845077.145134,485.97,0.25,0.25,1977,1.1,10009.28,0.33
1581845107.3731625,490.04,0.25,0.25,1979,1.1,10009.28,0.18
1581845137.7055426,490.44,0.25,0.25,1984,1.1,10009.28,-0.87
1581845170.9305649,494.95,0.25,0.25,1977,1.1,10009.99,0.47
1581845201.4567735,495.5,0.25,0.25,1984,1.1,10009.99,0.19
1581845232.1436133,500.47,0.25,0.25,1986,1.1,10002.13,0.36
1581845262.8594627,507.99,0.26,0.26,1978,1.1,10000.8,0.07
1581845294.4443014,508.09,0.26,0.25,1985,1.1,9992.77,0.2
1581845325.7376363,498.72,0.26,0.25,1954,1.09,9994.13,0.16
1581845356.1167402,497.46,0.26,0.25,1948,1.08,9989.5,0.02
1581845388.607526,500.58,0.26,0.25,1946,1.08,9988.72,0.42
1581845419.2592452,499.99,0.26,0.25,1920,1.07,9987.05,0.08
1581845452.461771,498.38,0.26,0.26,1904,1.06,9982.81,-0.21
1581845482.9638665,497.06,0.26,0.26,1883,1.05,9979.3,0.27
1581845513.1764548,496.34,0.26,0.26,1884,1.05,9985.02,0.45
1581845545.7156854,496.27,0.27,0.26,1870,1.04,9986.48,-0.25
1581845576.220572,492.38,0.26,0.26,1861,1.03,9986.47,0.14
1581845606.6140137,491.16,0.27,0.26,1849,1.03,9986.48,-0.14
1581845636.8736396,485.47,0.26,0.26,1839,1.02,9986.49,0.33
1581845667.0656624,483.49,0.26,0.26,1826,1.02,9987.41,0.16
1581845697.406279,480.84,0.27,0.26,1806,1,9986.47,0.02
1581845727.5070581,480.52,0.27,0.26,1805,1,9984.77,0.4
1581845758.1108675,474.1,0.26,0.25,1792,1,9987.8,0.02
1581845788.4323368,464.89,0.26,0.26,1755,0.98,9987.8,-0.14
1581845820.9424112,464.04,0.26,0.26,1753,0.97,9988.09,0.24
1581845852.8058379,464.85,0.27,0.26,1745,0.97,9987.87,0.33
1581845883.7559278,462.27,0.27,0.26,1736,0.97,9981.65,0.95
1581845913.988559,466.9,0.27,0.26,1740,0.97,9987.3,-0.34
1581845944.2795181,469.61,0.27,0.26,1747,0.97,9986.35,0.25
1581845976.3406248,468.71,0.27,0.26,1734,0.96,9986.35,0.77
1581846007.0656633,471.03,0.27,0.26,1730,0.96,9986.38,0.26
1581846037.429979,477.47,0.27,0.26,1748,0.97,9987.64,0.24
1581846067.6555114,474.51,0.27,0.26,1744,0.97,9991.61,0.24
1581846098.6444943,476.08,0.27,0.26,1746,0.97,9992.75,0.4
1581846130.8332314,479.55,0.27,0.26,1750,0.97,9997.47,0.77
1581846161.4764264,472,0.27,0.26,1735,0.96,9994.61,0.25
1581846191.857835,455.13,0.27,0.26,1712,0.95,9994.61,-0.22
1581846221.9650877,446.23,0.26,0.26,1700,0.94,9996.05,0.08
1581846252.4975858,446.58,0.26,0.26,1703,0.95,9997.5,0.1
1581846282.908638,437.38,0.26,0.25,1686,0.94,9997.5,0.6
1581846314.7734065,436.38,0.26,0.25,1688,0.94,9997.5,0.34
1581846345.9368987,424.49,0.25,0.25,1677,0.93,9999.88,-0.27
1581846376.485659,418.86,0.25,0.25,1672,0.93,10000.94,-0.12
1581846408.4837422,416.58,0.25,0.24,1682,0.93,9998.64,-0.17
1581846438.6251342,419.18,0.25,0.24,1693,0.94,9999.64,0.16
1581846468.791432,419.9,0.25,0.24,1687,0.94,9999.65,0.53
1581846499.0217164,422.96,0.25,0.24,1689,0.94,9998.63,0.66
1581846529.9774642,423.4,0.25,0.24,1698,0.94,9998.64,-0.04
1581846560.0511014,423.29,0.25,0.24,1704,0.95,9988.64,0.32
1581846591.1983495,423.62,0.25,0.23,1710,0.95,9988.95,0.79
1581846621.3414795,424.53,0.25,0.24,1709,0.95,9990.89,0.13
1581846651.434338,420.32,0.25,0.23,1708,0.95,9986.34,0.02
1581846681.481564,417.36,0.24,0.23,1707,0.95,9987.25,0.34
1581846711.6098735,420.1,0.25,0.23,1712,0.95,9983.54,0.35
1581846742.1509001,418.7,0.25,0.23,1705,0.95,9979.05,-0.12
1581846772.9529464,417.02,0.24,0.23,1716,0.95,9980.98,0.31
1581846803.0158873,416.44,0.24,0.23,1715,0.95,9980.56,-0.16
1581846833.9148421,419.71,0.24,0.22,1732,0.96,9983.67,-0.15
1581846864.8820798,417.45,0.24,0.23,1714,0.95,9978.48,0.05
1581846900.5956292,414.6,0.24,0.23,1700,0.94,9971.99,0.61
1581846931.769261,414.78,0.24,0.23,1697,0.94,9972,0.33
1581846963.3285322,410.43,0.24,0.23,1698,0.94,9971.99,0.26
1581846994.7338648,415.08,0.24,0.23,1705,0.95,9978.76,0.15
1581847026.25272,407.71,0.24,0.23,1705,0.95,9976.88,-0.3
1581847057.6754646,410.59,0.24,0.23,1708,0.95,9974.65,0.27
1581847088.301816,409.9,0.24,0.23,1715,0.95,9974.64,0.35
1581847118.5747886,419.44,0.24,0.23,1729,0.96,9971.85,0.46
1581847149.011996,421.53,0.24,0.23,1731,0.96,9971.85,0.41
1581847180.3329608,421.43,0.24,0.23,1735,0.96,9974.54,0.15
1581847210.6688426,414.43,0.24,0.22,1744,0.97,9975.25,0.12
1581847240.927059,419.89,0.24,0.22,1775,0.99,9977.64,0.27
1581847271.653491,423.82,0.24,0.22,1796,1,9977.65,0.42
1581847301.6985385,421.67,0.24,0.22,1787,0.99,9977.64,0.17
1581847331.9298632,422.37,0.23,0.22,1801,1,9980.04,0.03
1581847362.13798,429.93,0.24,0.22,1820,1.01,9981.62,0.22
1581847392.2219374,431.14,0.24,0.22,1833,1.02,9978.77,-0.14
1581847423.4664128,431.99,0.23,0.22,1849,1.03,9976.63,-0.04
1581847453.9134927,435.58,0.23,0.22,1862,1.03,9978.88,0.33
1581847484.3824272,435.99,0.23,0.22,1874,1.04,9976.63,-0.3
1581847514.7319403,438.91,0.23,0.22,1889,1.05,9974.01,-0.25
1581847544.7668867,440.39,0.23,0.22,1896,1.05,9974.01,0.28
1581847576.2223916,441.85,0.23,0.22,1902,1.06,9965.93,0.33
1581847607.45703,445.66,0.23,0.22,1909,1.06,9969.05,-0.09
1581847639.6774633,447.36,0.23,0.22,1920,1.07,9967.15,-0.03
1581847670.305729,451.04,0.23,0.22,1933,1.07,9967.37,0.42
1581847703.7103195,451.95,0.23,0.22,1937,1.08,9971.3,0.69
1581847735.5969453,449.25,0.23,0.22,1928,1.07,9970.51,0.14
1581847765.9921627,449.25,0.23,0.22,1926,1.07,9977.02,0.08
1581847797.919922,454.08,0.23,0.22,1939,1.08,9976.28,0.33
1581847828.3479304,445.73,0.23,0.21,1928,1.07,9976.27,0.23
1581847858.4533238,448.65,0.23,0.21,1935,1.08,9976.28,0.31
1581847888.8686516,448.16,0.23,0.21,1951,1.08,9973.33,0.17
1581847918.9163718,452.88,0.23,0.21,1961,1.09,9971.72,0.05
1581847953.1144564,456.77,0.23,0.21,1963,1.09,9968.31,0.12
1581847983.633249,456.1,0.23,0.21,1957,1.09,9967.17,0.29
1581848015.2122889,453.54,0.23,0.21,1957,1.09,9963.88,-0.14
1581848045.4789572,449.61,0.23,0.2,1942,1.08,9963.87,0.67
1581848075.5931916,457.14,0.23,0.2,1960,1.09,9963.88,0.1
1581848105.933706,454.74,0.23,0.2,1952,1.08,9971.72,0.49
1581848137.3343153,459.54,0.23,0.21,1958,1.09,9967.65,0.18
1581848169.7381728,462.4,0.24,0.21,1949,1.09,9967.64,-0.19
1581848200.5497437,460.16,0.24,0.22,1932,1.07,9967.64,0.49
1581848230.9600508,456.38,0.24,0.22,1914,1.06,9968.71,0.22
1581848261.5435123,459.27,0.24,0.22,1923,1.07,9967.05,0.54
1581848293.2442198,456.78,0.24,0.22,1914,1.06,9973.67,0.38
1581848323.8851326,460.5,0.24,0.22,1916,1.06,9978.44,-0.08
1581848354.3672972,457.9,0.24,0.22,1908,1.06,9978.43,-0.09
1581848384.5428143,457.02,0.24,0.22,1913,1.06,9978.72,-0.29
1581848414.9773076,453.5,0.24,0.22,1919,1.07,9979.66,-0.04
1581848446.1227043,456.19,0.24,0.22,1917,1.07,9981.13,0.33
1581848476.324131,458.64,0.24,0.23,1929,1.07,9981.78,0.33
1581848507.2573884,456.99,0.24,0.22,1930,1.07,9983.01,-0.22
1581848537.592768,456.32,0.24,0.22,1936,1.08,9983.52,0.3
1581848569.7973392,460.77,0.24,0.23,1929,1.07,9984.86,0.33
1581848600.3573294,460.74,0.24,0.23,1936,1.08,9985.89,0.12
1581848633.0301878,456.41,0.24,0.23,1917,1.07,9983.16,0.49
1581848664.8167567,451.73,0.24,0.23,1909,1.06,9985.87,0.24
1581848696.5637875,453,0.24,0.23,1911,1.06,9985.89,0.3
1581848727.2533987,451.98,0.24,0.23,1920,1.07,9985.89,-0.1
1581848758.8758576,450.1,0.24,0.23,1903,1.06,9985.88,0.08
1581848790.1578438,444.16,0.23,0.22,1903,1.06,9987.45,0.47
1581848820.7217288,445.78,0.23,0.23,1905,1.06,9987.52,-0.21
1581848850.7366705,444.63,0.23,0.23,1903,1.06,9985.88,0.23
1581848883.0377266,437.64,0.23,0.23,1880,1.04,9985.88,0.21
1581848914.393028,435.97,0.23,0.23,1878,1.04,9981.25,0.47
1581848947.368278,429.97,0.23,0.22,1860,1.03,9981.25,-0.01
1581848980.077605,427.4,0.23,0.23,1850,1.03,9978.44,0.35
1581849010.2957506,431.28,0.24,0.23,1833,1.02,9978.43,-0.17
1581849041.4429767,425.98,0.24,0.23,1805,1,9973.67,0.2
1581849072.735908,422.34,0.24,0.23,1797,1,9973.67,0.36
1581849105.1131124,424.59,0.24,0.23,1795,1,9972.89,0.39
1581849135.64725,424.76,0.24,0.23,1792,1,9973.68,0.18
1581849166.250134,419.78,0.24,0.23,1782,0.99,9970.52,0.05
1581849198.1185625,421.29,0.24,0.23,1773,0.99,9968.15,0.14
1581849229.4276211,418.49,0.24,0.24,1745,0.97,9969.84,-0.04
1581849259.6601105,421.65,0.24,0.24,1755,0.98,9969.92,-0.04
1581849289.9439032,418.89,0.24,0.24,1751,0.97,9969.92,-0.34
1581849321.1292772,419.87,0.24,0.24,1762,0.98,9967.48,0.78
1581849351.8936768,422.25,0.24,0.24,1768,0.98,9967.23,-0.23
1581849382.5733266,418.81,0.24,0.24,1766,0.98,9964.7,0.16
1581849414.3559096,421.12,0.24,0.24,1770,0.98,9964.57,0.62
1581849445.5419376,424.02,0.24,0.24,1769,0.98,9965.33,-0.13
1581849475.8656309,422.79,0.24,0.24,1780,0.99,9964.4,0.03
1581849506.489384,418.62,0.23,0.23,1788,0.99,9965.22,0.3
1581849539.5742083,418.55,0.23,0.23,1794,1,9965.21,-0.17
1581849569.938925,416.62,0.23,0.23,1792,1,9967.16,0.33
1581849600.5127676,411.35,0.23,0.23,1791,1,9967.16,0.19
1581849631.859256,415.77,0.23,0.23,1799,1,9967.29,0.43
1581849662.2637095,413.83,0.23,0.23,1798,1,9968.08,0.08
1581849692.4398513,415.98,0.23,0.23,1792,1,9969.05,0.33
1581849723.1345463,411.72,0.23,0.23,1789,0.99,9969.89,0.51
1581849754.4188972,412.28,0.23,0.23,1801,1,9969.9,-0.53
1581849784.787344,416.26,0.23,0.23,1810,1.01,9969.9,-0.33
1581849814.8043773,416.75,0.23,0.23,1814,1.01,9965.63,0.22
1581849844.9289026,417.97,0.23,0.23,1824,1.01,9965.01,0.33
1581849877.1275089,409.98,0.23,0.23,1814,1.01,9965.4,0.15
1581849907.2329102,411.07,0.23,0.23,1818,1.01,9962.52,0.35
1581849940.783133,409.43,0.22,0.23,1823,1.01,9965.64,0.31
1581849973.0040407,410.49,0.22,0.23,1830,1.02,9964.06,0.17
1581850003.078988,412.34,0.22,0.23,1836,1.02,9964.06,0.27
1581850035.2994153,409.75,0.22,0.23,1834,1.02,9964.06,0.12
1581850065.4108727,402.55,0.22,0.23,1823,1.01,9961.75,0.16
1581850096.1979938,401.07,0.22,0.23,1826,1.02,9970.91,0.2
1581850127.862059,398.28,0.22,0.23,1816,1.01,9970.48,0.69
1581850158.834491,395.56,0.22,0.23,1810,1.01,9965.01,0.14
1581850190.1127107,393.04,0.22,0.23,1806,1,9963,0.29
1581850221.6296124,394.31,0.22,0.23,1796,1,9961.91,0.15
1581850251.739174,392.38,0.22,0.23,1796,1,9961.83,0.95
1581850282.1483574,389.86,0.22,0.23,1779,0.99,9961.83,-0.12
1581850312.5017955,390.02,0.22,0.23,1775,0.99,9961.56,0.4
1581850342.8457623,389.78,0.22,0.23,1773,0.99,9953.67,0.72
1581850373.5503469,387.31,0.22,0.23,1772,0.98,9945.01,0.29
1581850404.3081236,385.1,0.22,0.23,1759,0.98,9957.22,-0.48
1581850435.222569,384.32,0.22,0.23,1760,0.98,9956.77,0.02
1581850465.323697,384.86,0.22,0.23,1765,0.98,9956.72,-0.6
1581850496.1100929,381.45,0.22,0.23,1756,0.98,9955.21,0.95
1581850529.9796653,379.61,0.22,0.23,1749,0.97,9948.42,-0.25
1581850560.032963,385.71,0.22,0.23,1767,0.98,9948.35,0.29
1581850590.617694,388.53,0.22,0.23,1763,0.98,9946.14,0.95
1581850622.1396737,388.5,0.22,0.23,1761,0.98,9940,-0.25
1581850653.1607995,385.89,0.22,0.23,1760,0.98,9946.4,0.53
1581850683.9458153,385.29,0.22,0.23,1758,0.98,9947,0.85
1581850714.2415926,382.08,0.22,0.23,1752,0.97,9946.39,0.03
1581850745.289688,383.45,0.22,0.23,1766,0.98,9943.85,0.23
1581850780.1561832,385.18,0.22,0.23,1771,0.98,9943.86,0.95
1581850810.243084,383.18,0.21,0.22,1798,1,9943.85,0.21
1581850840.652901,383.81,0.21,0.22,1802,1,9949,0.26
1581850871.3514,387,0.21,0.22,1811,1.01,9959.96,0.48
1581850901.4135096,387.83,0.21,0.22,1818,1.01,9958.85,0.16
1581850933.1264298,386.15,0.21,0.22,1813,1.01,9958.83,-0.22
1581850963.3907127,390.68,0.21,0.22,1819,1.01,9958.83,0.47
1581850995.8196895,387.31,0.21,0.22,1828,1.02,9958.43,-0.03
1581851028.2548144,390.2,0.21,0.22,1832,1.02,9958.83,0.57
1581851060.6023924,384.65,0.21,0.22,1831,1.02,9955.75,0.65
1581851090.78027,390.19,0.21,0.22,1824,1.01,9955.74,0.95
1581851122.6176498,387.72,0.21,0.22,1810,1.01,9955.74,0.48
1581851152.7811325,384.79,0.21,0.22,1803,1,9949.21,-0.6
1581851183.8154314,387.19,0.22,0.23,1794,1,9952.1,0.49
1581851214.159074,381.84,0.21,0.23,1786,0.99,9952.92,0.29
1581851244.2703369,379.79,0.21,0.22,1784,0.99,9952.93,0.25
1581851274.3101187,382.2,0.21,0.23,1784,0.99,9944.26,0.3
1581851305.6860735,381.49,0.21,0.23,1775,0.99,9937.52,-0.1
1581851335.865734,379.45,0.21,0.23,1779,0.99,9925.16,0.13
1581851366.291434,380.72,0.21,0.23,1790,0.99,9914.56,0.45
1581851396.6437578,385.9,0.21,0.23,1796,1,9921.58,0.36
1581851427.8991003,387.76,0.22,0.23,1800,1,9927.74,0.46
1581851459.374298,384.93,0.21,0.23,1793,1,9930,0.37
1581851491.2903728,387.49,0.22,0.23,1794,1,9925.01,0.19
1581851521.774134,385.66,0.21,0.23,1796,1,9925.01,0.25
1581851553.9822655,379.66,0.21,0.23,1791,1,9929.85,0.33
1581851585.1311781,379.26,0.21,0.23,1783,0.99,9925.74,-0.12
1581851615.1650748,378.1,0.21,0.23,1787,0.99,9926.02,0.13
1581851646.5266972,381.18,0.21,0.23,1783,0.99,9929.36,0.57
1581851676.6499355,384.91,0.21,0.23,1793,1,9930.01,0.53
1581851706.7680585,382.73,0.21,0.23,1783,0.99,9933.82,0.36
1581851736.9430268,385.98,0.22,0.23,1784,0.99,9944.22,0.07
1581851767.08506,383.64,0.22,0.23,1777,0.99,9953.81,0.09
1581851797.356178,383.97,0.22,0.23,1784,0.99,9953.82,0.05
1581851828.109369,384.31,0.22,0.23,1781,0.99,9954.87,0.02
1581851858.5603163,390.42,0.22,0.23,1791,1,9954.88,0.13
1581851889.152187,385.21,0.22,0.23,1769,0.98,9955.46,0.05
1581851919.1839836,384.05,0.22,0.23,1769,0.98,9955.45,0.36
1581851952.2470245,382.29,0.22,0.23,1767,0.98,9957.16,0.3
1581851987.3544502,383.16,0.22,0.23,1761,0.98,9960.45,0.92
1581852017.8949943,385.32,0.22,0.23,1766,0.98,9960.45,0.65
1581852048.9104364,384.56,0.22,0.23,1757,0.98,9961.98,0.25
1581852080.2924714,387.61,0.22,0.23,1758,0.98,9957.03,0.25
1581852111.1799436,391.18,0.22,0.23,1753,0.97,9957.03,0.4
1581852141.3326118,389.34,0.22,0.23,1747,0.97,9952.18,0.52
1581852173.7405498,388.52,0.22,0.23,1741,0.97,9947.48,0.36
1581852204.1381958,390.7,0.22,0.23,1746,0.97,9948.58,-0.22
1581852234.8623753,392.97,0.22,0.23,1749,0.97,9945.07,0.1
1581852264.953017,393.59,0.22,0.23,1752,0.97,9947.05,0.08
1581852295.8456757,396.93,0.23,0.23,1764,0.98,9947.06,0.22
1581852325.9409294,394.7,0.22,0.23,1758,0.98,9947.05,0.16
1581852356.1705904,394.07,0.23,0.23,1748,0.97,9960.31,0.29
1581852389.7909799,396.54,0.23,0.23,1752,0.97,9959.41,0.22
1581852420.205752,393.4,0.23,0.23,1742,0.97,9965.66,0.3
1581852451.2193668,392.05,0.23,0.23,1739,0.97,9963.81,-0.27
1581852483.3449373,388.44,0.22,0.23,1741,0.97,9964.47,-0.11
1581852515.16332,387.89,0.22,0.23,1736,0.96,9973.75,-0.04
1581852545.5745845,387.5,0.22,0.23,1735,0.96,9973.74,0.48
1581852576.726618,390.42,0.22,0.24,1741,0.97,9973.74,0.49
1581852607.4808722,392.8,0.23,0.24,1737,0.97,9973.74,0.49
1581852637.5069108,394.72,0.23,0.25,1721,0.96,9969.55,0.46
1581852668.3003263,392.63,0.23,0.25,1698,0.94,9969.56,0.32
1581852700.295167,387.99,0.23,0.25,1692,0.94,9969.55,0.07
1581852730.7106843,389.93,0.23,0.25,1691,0.94,9969.55,0.17
1581852761.0068607,389.77,0.23,0.25,1695,0.94,9969.56,0.1
1581852791.958074,394.36,0.23,0.25,1691,0.94,9969.58,0.15
1581852822.1379232,393.54,0.23,0.25,1692,0.94,9969.58,-0.08
1581852856.7200549,395.21,0.24,0.25,1679,0.93,9969.58,-0.61
1581852889.4479103,394.13,0.23,0.25,1683,0.94,9967.84,-0.14
1581852920.6285906,394.23,0.23,0.25,1682,0.94,9965.05,0.2
1581852954.2302518,395.13,0.23,0.25,1688,0.94,9960.01,0.25
1581852985.8028471,398.08,0.24,0.25,1693,0.94,9960.03,0.54
1581853021.0703766,394.18,0.23,0.25,1684,0.94,9960.03,0.57
1581853051.734563,396.1,0.23,0.25,1692,0.94,9960.03,0.04
1581853082.9941788,390.4,0.23,0.25,1682,0.93,9958.11,0.32
1581853115.0902152,393.26,0.23,0.25,1684,0.94,9958.11,-0.25
1581853146.2476087,392.08,0.24,0.25,1668,0.93,9958.11,0.37
1581853176.792421,390.77,0.23,0.25,1663,0.92,9960.93,0.8
1581853207.0861645,391.46,0.24,0.25,1651,0.92,9960.93,0.26
1581853237.1584644,394.16,0.24,0.25,1653,0.92,9960.92,0.16
1581853267.4762473,392.45,0.24,0.25,1646,0.91,9960.92,0.87
1581853298.8436208,390.89,0.24,0.25,1645,0.91,9960.92,-0.18
1581853329.544046,391.53,0.24,0.25,1641,0.91,9952.19,0.17
1581853359.7309628,396.59,0.24,0.25,1637,0.91,9950.01,0.13
1581853392.7326717,397.27,0.24,0.25,1636,0.91,9950.01,0.2
1581853422.8559287,392.84,0.24,0.25,1625,0.9,9950.01,0.09
1581853453.609639,387.71,0.24,0.25,1624,0.9,9950,0.95
1581853486.102241,389.02,0.24,0.25,1633,0.91,9950.01,0.67
1581853516.4503245,393.94,0.24,0.25,1651,0.92,9950,0.54
1581853546.4922562,389,0.24,0.25,1641,0.91,9947.55,-0.6
1581853576.5164473,388.41,0.24,0.25,1640,0.91,9947.57,-0.25
1581853610.3439333,383.69,0.23,0.25,1637,0.91,9947.58,0.43
1581853640.3655024,382.29,0.23,0.25,1647,0.92,9947.6,0.95
1581853670.7048361,383.14,0.23,0.25,1663,0.92,9947.6,0.16
1581853704.1273568,387.2,0.23,0.25,1680,0.93,9947.6,0.15
1581853734.8163283,386.97,0.23,0.25,1678,0.93,9947.59,-0.2
1581853767.7664223,384.38,0.23,0.25,1664,0.93,9947.59,0.36
1581853804.6571584,383.64,0.23,0.25,1677,0.93,9947.5,0.3
1581853834.7508247,387.46,0.23,0.25,1694,0.94,9945,0.03
1581853864.8720317,385.1,0.23,0.25,1697,0.94,9942.5,0.07
1581853895.8083603,380.34,0.22,0.24,1712,0.95,9937.51,0.12
1581853926.1030354,382.59,0.22,0.24,1723,0.96,9937.5,-0.15
1581853956.4843,384.77,0.22,0.24,1730,0.96,9937.52,-0.28
1581853986.6275766,388.35,0.22,0.24,1745,0.97,9937.54,-0.14
1581854016.6394053,394.46,0.22,0.24,1761,0.98,9937.51,0.36
1581854049.529316,396.4,0.23,0.25,1760,0.98,9937.53,0.7
1581854081.4716144,396.99,0.23,0.25,1755,0.98,9937.53,0.52
1581854111.5425475,398.82,0.23,0.25,1767,0.98,9937.55,0.8
1581854142.7327504,397.03,0.23,0.25,1760,0.98,9942.69,0.38
1581854173.1715395,397.73,0.23,0.25,1762,0.98,9942.69,0.08
1581854204.084399,397.96,0.23,0.25,1767,0.98,9941.81,0.24
1581854235.1947074,403.7,0.23,0.25,1773,0.99,9941.09,-0.17
1581854268.5012064,408.34,0.23,0.25,1775,0.99,9930.41,0.95
1581854301.6586318,408.11,0.23,0.25,1789,0.99,9932.91,0.34
1581854332.5921996,409.79,0.23,0.25,1790,1,9932.91,0.02
1581854363.9561987,409.04,0.23,0.25,1786,0.99,9929.61,0.15
1581854394.269472,407.21,0.23,0.24,1786,0.99,9924,0.07
1581854424.6564803,403.37,0.22,0.24,1810,1.01,9927.21,0.36
1581854455.0224748,402.99,0.22,0.23,1818,1.01,9941.21,0.46
1581854485.3812447,398.73,0.22,0.23,1825,1.01,9943.49,0.02
1581854518.2550967,403.76,0.22,0.23,1824,1.01,9940.85,0.61
1581854548.6640935,397.03,0.22,0.23,1809,1.01,9930.86,0.25
1581854579.601334,393.95,0.22,0.23,1792,1,9924.24,0.65
1581854610.615765,391.86,0.22,0.23,1791,1,9936.23,0.36
1581854640.8417404,391.21,0.22,0.23,1801,1,9935.5,0.09
1581854672.1443725,393.56,0.22,0.23,1817,1.01,9935.99,0.36
1581854703.1128569,396.14,0.22,0.23,1827,1.02,9935.49,-0.01
1581854733.1347842,393.97,0.22,0.23,1829,1.02,9935.49,-0.1
1581854765.1163738,399.22,0.22,0.23,1839,1.02,9926.23,0.12
1581854795.1657622,398.78,0.21,0.23,1858,1.03,9924.27,-0.14
1581854826.804192,401.29,0.22,0.23,1858,1.03,9917.51,-0.46
1581854857.0374038,403.21,0.22,0.23,1856,1.03,9917.77,0.95
1581854887.4495018,404.39,0.22,0.23,1855,1.03,9917.51,0.29
1581854917.6707098,408.22,0.22,0.23,1868,1.04,9907.01,0.41
1581854949.2534482,410.26,0.22,0.23,1886,1.05,9913.96,-0.23
1581854980.3093376,407.24,0.22,0.23,1870,1.04,9914.73,0.45
1581855011.4223428,405.68,0.22,0.22,1870,1.04,9914.75,0.19
1581855043.02467,405.17,0.22,0.22,1871,1.04,9919.26,0.67
1581855074.8782043,405.52,0.22,0.22,1876,1.04,9913.38,0.25
1581855107.6033006,405.7,0.21,0.22,1887,1.05,9910,0.09
1581855137.9797835,404.47,0.22,0.22,1877,1.04,9907.64,0.74
1581855168.9040353,402.12,0.21,0.22,1873,1.04,9904.5,0.48
1581855201.5593302,403.98,0.21,0.22,1883,1.05,9900,0.55
1581855232.1393366,402.87,0.21,0.22,1878,1.04,9900.01,0.36
1581855262.5130694,402.49,0.22,0.22,1871,1.04,9889.09,0.39
1581855293.0791361,406,0.22,0.22,1873,1.04,9898.93,0.36
1581855323.918074,410.84,0.22,0.22,1880,1.04,9901.34,0.54
1581855357.235284,413.16,0.22,0.22,1887,1.05,9910.87,0.2
1581855389.2220914,418.87,0.22,0.23,1878,1.05,9924.39,0.23
1581855419.8933566,421.11,0.22,0.22,1897,1.05,9940.79,-0.01
1581855451.6939476,421.68,0.22,0.22,1889,1.05,9932.19,0.1
1581855481.7849739,421.08,0.22,0.22,1887,1.05,9937.27,0.3
1581855514.3890023,421.89,0.22,0.23,1888,1.05,9937.27,0.5
1581855544.4680507,422.27,0.22,0.22,1888,1.05,9937.28,0.54
1581855574.5151157,422.78,0.22,0.22,1894,1.05,9937.28,0.18
1581855604.9724693,419.47,0.22,0.22,1895,1.05,9938.4,0.23
1581855635.4632385,416.81,0.22,0.22,1889,1.05,9938.4,0.81
1581855665.6226802,424.01,0.22,0.23,1892,1.05,9940.57,0.95
1581855696.2744296,429.74,0.23,0.23,1889,1.05,9940.57,0.18
1581855727.6621742,425.56,0.23,0.23,1871,1.04,9933.16,-0.28
1581855767.3641295,427.33,0.23,0.23,1871,1.04,9937.28,0.72
1581855797.6749384,428.75,0.23,0.23,1872,1.04,9938.39,-0.04
1581855827.7902503,427.56,0.23,0.23,1866,1.04,9939.67,0.48
1581855858.1599176,431.54,0.23,0.23,1881,1.05,9943.39,0.42
1581855888.3936987,432.6,0.23,0.23,1896,1.05,9947.25,-0.01
1581855919.474772,436.88,0.23,0.23,1901,1.06,9950.02,-0.04
1581855950.0865781,437.4,0.23,0.23,1910,1.06,9952.34,0.41
1581855980.5813174,440.59,0.23,0.23,1915,1.06,9951.6,-0.29
1581856010.697456,441.96,0.23,0.23,1916,1.07,9945.01,0.19
1581856041.0278697,436.71,0.23,0.23,1918,1.07,9945.01,0.07
1581856071.676156,435.45,0.23,0.23,1919,1.07,9945.01,0.34
1581856102.4289405,439.67,0.23,0.23,1917,1.07,9945.9,0.24
1581856132.6413348,440.38,0.23,0.23,1916,1.07,9947.17,0.19
1581856162.8440158,446.34,0.23,0.23,1929,1.07,9947.16,0.59
1581856193.5698538,446.23,0.23,0.23,1928,1.07,9947.18,0.66
1581856224.0837848,447.39,0.24,0.23,1903,1.06,9948.59,0.16
1581856257.001098,443.66,0.23,0.23,1890,1.05,9948.6,0.02
1581856287.349975,444.16,0.24,0.23,1877,1.04,9945,0.65
1581856322.3277938,445.35,0.24,0.24,1881,1.05,9933.11,0.36
1581856354.1581116,444.54,0.24,0.24,1882,1.05,9935.3,0.81
1581856385.0669875,447.95,0.24,0.24,1889,1.05,9934.43,0.36
1581856415.7623131,445.56,0.24,0.24,1875,1.04,9934.44,0.07
1581856448.584325,439.89,0.24,0.24,1865,1.04,9936.33,-0.04
1581856479.741276,437.92,0.24,0.24,1863,1.04,9937.25,-0.04
1581856510.3007941,437.7,0.24,0.24,1858,1.03,9939.02,0.39
1581856541.699548,433.51,0.23,0.24,1849,1.03,9939.02,-0.6
1581856572.3234043,432.86,0.23,0.24,1847,1.03,9934.94,0.15
1581856603.9358408,432.49,0.24,0.24,1831,1.02,9934.94,0.23
1581856639.3457305,430.97,0.23,0.24,1834,1.02,9936.12,0.53
1581856671.1961653,431.13,0.24,0.24,1830,1.02,9936.82,0.11
1581856701.8614137,428.85,0.24,0.24,1818,1.01,9936.82,-0.16
1581856732.3628144,433.71,0.24,0.25,1820,1.01,9937.91,0.14
1581856763.0886266,434.69,0.24,0.25,1816,1.01,9938.19,0.25
1581856795.0286498,435.86,0.24,0.25,1820,1.01,9934.94,0.09
1581856825.1914,434.58,0.24,0.25,1821,1.01,9932.28,0.58
1581856855.355084,437.41,0.24,0.25,1819,1.01,9932.04,-0.34
1581856886.121457,432.2,0.24,0.25,1810,1.01,9933.08,0.12
1581856916.803983,434.82,0.24,0.25,1802,1,9933.07,0.28
1581856947.920797,437.6,0.24,0.25,1806,1,9921.03,-0.04
1581856978.2500622,443.34,0.24,0.25,1816,1.01,9916.07,0.67
1581857009.0009139,443.8,0.24,0.25,1815,1.01,9912.76,0.41
1581857040.3015676,446.81,0.24,0.26,1826,1.01,9912.15,-0.01
1581857070.315151,443.07,0.24,0.26,1815,1.01,9913.94,0.12
1581857100.573456,443.82,0.24,0.26,1812,1.01,9920.32,0.47
1581857131.6124754,438.02,0.24,0.25,1803,1,9930.16,0.43
1581857164.43753,431.39,0.24,0.25,1796,1,9933.06,-0.22
1581857194.6872869,430.61,0.24,0.25,1800,1,9932.27,0.26
1581857224.9783282,428.24,0.24,0.25,1790,0.99,9932.27,0.02
1581857255.6272595,425.34,0.24,0.25,1783,0.99,9931.63,-0.15
1581857285.913767,425.82,0.24,0.25,1777,0.99,9930.15,0.41
1581857316.3197584,425.45,0.24,0.25,1790,1,9926.7,0.31
1581857347.485306,425.41,0.24,0.25,1789,0.99,9925.35,0.07
1581857378.8763413,425.52,0.24,0.25,1784,0.99,9921.68,0.22
1581857409.252996,425.37,0.24,0.25,1781,0.99,9920,0.14
1581857440.4075444,436.33,0.24,0.25,1786,0.99,9913.94,0.15
1581857471.8002675,447.99,0.25,0.26,1806,1,9913.52,0.07
1581857502.2918918,451.17,0.25,0.26,1817,1.01,9924.71,0.15
1581857532.7472217,458,0.25,0.26,1826,1.02,9917.19,0.12
1581857563.6269965,465.46,0.25,0.26,1842,1.03,9913.4,-0.6
1581857593.9892092,460.42,0.25,0.26,1828,1.02,9914.17,0.5
1581857625.1703339,460.13,0.25,0.25,1831,1.02,9916.46,-0.04
1581857659.1223817,459.69,0.25,0.26,1820,1.01,9918.09,-0.55
1581857689.295712,466.11,0.26,0.26,1825,1.01,9919.62,0.28
1581857719.809278,466.06,0.26,0.25,1824,1.01,9910.25,0.79
1581857752.5711207,466.61,0.26,0.25,1824,1.01,9910.11,0.1
1581857782.8493428,463.52,0.25,0.25,1828,1.02,9919.92,0.41
1581857814.7264323,463.68,0.25,0.25,1828,1.02,9926.23,0.26
1581857844.877448,469.68,0.26,0.25,1830,1.02,9926.99,0.41
1581857875.649717,473.81,0.26,0.25,1836,1.02,9926.59,0.62
1581857906.1730242,478.65,0.26,0.26,1851,1.03,9926.93,0.28
1581857938.7159343,483.31,0.26,0.26,1863,1.04,9923.85,0.45
1581857969.439553,480.41,0.26,0.26,1858,1.03,9923.84,-0.17
1581858000.0890636,481.97,0.26,0.25,1871,1.04,9923.8,0.26
1581858031.5818965,480.22,0.25,0.25,1895,1.06,9920.32,0.54
1581858062.0818028,490.51,0.26,0.26,1916,1.06,9920.32,0.26
1581858093.0362797,498.36,0.26,0.26,1931,1.07,9917.02,0.26
1581858123.2072742,501.82,0.26,0.26,1943,1.08,9910.68,0.79
1581858154.0846877,508.68,0.26,0.26,1950,1.08,9912.09,0.79
1581858186.4423382,511.3,0.26,0.26,1960,1.09,9906.39,0.64
1581858216.812701,513.46,0.26,0.26,1973,1.1,9906.33,0.26
1581858247.0021136,516.81,0.26,0.26,1975,1.1,9906.33,0.62
1581858277.353254,520.73,0.26,0.26,1982,1.1,9898.14,0.15
1581858309.0466077,526.88,0.26,0.26,1994,1.11,9891,-0.14
1581858339.7721946,531.7,0.27,0.26,1999,1.11,9905.54,0.55
1581858369.9023087,531.84,0.27,0.26,1995,1.11,9905.79,0.26
1581858403.445652,538.85,0.27,0.26,2006,1.11,9901.04,0.36
1581858433.7982204,543.33,0.27,0.26,2009,1.12,9901.92,0.17
1581858463.8327117,543.04,0.27,0.26,2022,1.12,9903.19,0.15
1581858495.2947462,544.04,0.27,0.26,2036,1.13,9903.19,0.66
1581858526.7510073,538.3,0.27,0.26,2027,1.13,9903.57,0.16
1581858557.1157377,539.25,0.26,0.26,2039,1.13,9903.56,-0.23
1581858587.2641072,539.05,0.26,0.26,2037,1.13,9899.09,0.39
1581858617.3202085,539.62,0.26,0.26,2047,1.14,9898.63,0.79
1581858649.0140774,537.27,0.26,0.26,2062,1.15,9889.68,-0.14
1581858679.142749,543.21,0.26,0.26,2083,1.16,9886.93,0.16
1581858710.023497,545.87,0.26,0.26,2094,1.16,9892.76,0.27
1581858740.4090838,543.94,0.26,0.26,2095,1.16,9887.42,0.15
1581858770.7388508,544.33,0.26,0.26,2088,1.16,9888.19,-0.27
1581858800.9527,544.24,0.26,0.26,2097,1.17,9888.87,0.15
1581858832.2899184,548.64,0.26,0.26,2105,1.17,9887.85,0.57
1581858863.644176,546.54,0.26,0.26,2112,1.17,9886.09,-0.05
1581858894.8879397,548.53,0.26,0.26,2105,1.17,9885.41,0.36
1581858925.7193441,551.65,0.26,0.26,2115,1.18,9891.52,0.15
1581858956.4008846,558.79,0.26,0.26,2132,1.18,9903.73,-0.14
1581858988.7310174,562.81,0.26,0.26,2141,1.19,9896.46,0.25
1581859018.8732402,563.98,0.26,0.26,2151,1.2,9896.28,0.5
1581859051.2165,566.33,0.26,0.26,2155,1.2,9900.56,0.35
1581859081.3098264,567.57,0.26,0.26,2162,1.2,9907.83,-0.12
1581859113.1484249,565.1,0.26,0.26,2169,1.21,9907.84,0.06
1581859145.4832978,567.29,0.26,0.26,2170,1.21,9905.95,0.13
1581859176.3280363,571.93,0.26,0.26,2172,1.21,9905.05,-0.14
1581859207.2543263,581.24,0.27,0.26,2190,1.22,9895,0.11
1581859238.5669873,575.06,0.26,0.26,2187,1.22,9895.32,0.23
1581859269.2466407,563.3,0.26,0.26,2181,1.21,9890.07,0.15
1581859299.9536152,558.91,0.26,0.25,2182,1.21,9886.56,0.36
1581859330.0301507,555.34,0.25,0.25,2191,1.22,9882.91,0.27
1581859360.2552786,553.18,0.25,0.25,2213,1.23,9889.19,0.82
1581859390.9559376,553.19,0.25,0.25,2215,1.23,9886.92,0.55
1581859422.12785,549.45,0.25,0.25,2214,1.23,9882.08,0.41
1581859453.564857,549.8,0.25,0.25,2214,1.23,9884.69,0.15
1581859485.6070168,550.78,0.25,0.25,2211,1.23,9881.1,0.32
1581859516.1353328,550.17,0.25,0.25,2213,1.23,9886.46,0.23
1581859546.488195,552.93,0.25,0.25,2225,1.24,9886.12,0.41
1581859577.7853072,549.62,0.25,0.25,2241,1.25,9892.21,-0.3
1581859607.846466,554.37,0.25,0.25,2255,1.25,9895.6,0.27
1581859638.3320436,554.11,0.25,0.25,2258,1.25,9885.44,0.03
1581859668.7662125,549.44,0.24,0.25,2257,1.25,9887.14,0.02
1581859698.8806148,542.32,0.24,0.24,2255,1.25,9884.99,0.25
1581859730.6852143,542.34,0.24,0.24,2260,1.26,9886.79,0.57
1581859761.0438428,542.27,0.24,0.24,2263,1.26,9887.88,0.39
1581859791.4326546,547.41,0.24,0.24,2284,1.27,9890.07,0.29
1581859823.1533132,549.84,0.24,0.24,2274,1.26,9890.07,0.15
1581859853.2376032,549.88,0.24,0.24,2274,1.26,9884.24,0.68
1581859884.8579009,540,0.24,0.23,2257,1.25,9875.86,0.15
1581859915.7213128,542.24,0.24,0.23,2265,1.26,9875.86,0.26
1581859946.1703296,530.25,0.23,0.23,2270,1.26,9865.01,-0.06
1581859976.2583442,524.4,0.23,0.23,2270,1.26,9867.83,-0.54
1581860006.359255,527.5,0.23,0.23,2283,1.27,9883.82,0.52
1581860037.3394716,527.82,0.23,0.23,2287,1.27,9888.89,0.12
1581860067.4949036,527,0.23,0.22,2297,1.28,9914.99,0.36
1581860097.7082872,524.57,0.23,0.22,2307,1.28,9908.45,0.26
1581860128.1257691,528.88,0.23,0.22,2318,1.29,9911.26,0.91
1581860158.8233616,530.88,0.23,0.22,2334,1.3,9915,-0.25
1581860189.3768232,533.19,0.23,0.22,2341,1.3,9926.07,0.36
1581860219.8380866,531.03,0.23,0.22,2344,1.3,9916.41,0.34
1581860250.9759002,533.93,0.23,0.22,2344,1.3,9915.96,-0.08
1581860281.6234791,538.23,0.23,0.22,2363,1.31,9917.27,0.2
1581860312.470636,539.79,0.23,0.22,2377,1.32,9917.04,0.42
1581860342.7616549,540.99,0.23,0.22,2373,1.32,9919.54,0.34
1581860374.513099,546.93,0.23,0.23,2389,1.33,9920.29,-0.12
1581860405.7686417,551,0.23,0.23,2399,1.33,9918.41,-0.36
1581860435.895461,555.46,0.23,0.23,2409,1.34,9908.27,0.41
1581860466.4356084,554.56,0.23,0.23,2414,1.34,9904.56,-0.2
1581860496.592955,552.7,0.23,0.23,2409,1.34,9899.49,0.79
1581860527.2932138,554.73,0.23,0.22,2409,1.34,9898.42,0.15
1581860557.6799831,551.68,0.23,0.22,2418,1.34,9913.01,0.73
1581860588.359441,554.83,0.23,0.22,2425,1.35,9917.92,0.41
1581860618.9955354,558.99,0.23,0.23,2419,1.34,9913.86,0.15
1581860651.1233947,553.74,0.23,0.22,2406,1.34,9914.49,0.15
1581860681.2028558,557.52,0.23,0.22,2425,1.35,9920,0.36
1581860711.6423707,556.53,0.23,0.22,2421,1.35,9917.24,0.34
1581860741.8324022,560.26,0.23,0.23,2429,1.35,9917.24,0.36
1581860773.4457815,557.97,0.23,0.23,2418,1.34,9936.07,-0.16
1581860803.8169029,561.67,0.23,0.23,2417,1.34,9942.95,-0.3
1581860834.1480427,563.51,0.23,0.23,2423,1.35,9938.32,0.79
1581860864.1869316,564.55,0.23,0.24,2430,1.35,9943.68,0.46
1581860894.4369428,565.53,0.23,0.24,2427,1.35,9944.02,0.35
1581860926.2494016,569.54,0.23,0.24,2430,1.35,9942.51,0.73
1581860956.9218733,573.32,0.23,0.24,2456,1.37,9939.66,-0.42
1581860986.986501,572.26,0.23,0.24,2463,1.37,9940,0.36
1581861017.1373434,566.56,0.23,0.24,2457,1.37,9944.11,0.82
1581861047.3561995,563.2,0.23,0.23,2449,1.36,9940.75,0.42
1581861077.7137656,566.34,0.23,0.24,2445,1.36,9937.3,0.19
1581861108.5989952,565.45,0.23,0.24,2441,1.36,9937.3,-0.08
1581861138.9110093,568.71,0.23,0.24,2451,1.36,9938.67,0.15
1581861169.4079819,565.76,0.23,0.24,2432,1.35,9938.66,0.76
1581861200.6596055,567.05,0.23,0.24,2430,1.35,9937.49,0.46
1581861230.7326438,569.26,0.23,0.24,2441,1.36,9945.97,0.36
1581861260.9217455,569.98,0.23,0.24,2449,1.36,9948.7,0.79
1581861290.9449599,565.51,0.23,0.24,2447,1.36,9947.44,0.15
1581861323.409894,566.53,0.23,0.24,2439,1.36,9949.01,0.53
1581861354.2037401,562.1,0.23,0.24,2429,1.35,9948.16,0.29
1581861384.5716972,568.12,0.24,0.25,2410,1.34,9949.87,0.04
1581861414.7389972,560.22,0.23,0.25,2387,1.33,9939.64,0.41
1581861444.9900315,557.53,0.23,0.25,2385,1.33,9940.87,0.15
1581861475.6653812,561.01,0.23,0.25,2395,1.33,9945.97,-0.45
1581861505.693467,556.7,0.23,0.24,2400,1.33,9945.97,-0.04
1581861535.8553212,553.75,0.23,0.24,2400,1.33,9949.19,0.03
1581861566.7806194,553.54,0.23,0.24,2393,1.33,9947.35,0.15
1581861597.5091312,550.5,0.23,0.24,2377,1.32,9945.97,-0.63
1581861628.1829145,555.28,0.23,0.24,2406,1.34,9946.27,0.18
1581861658.4767268,557.22,0.23,0.24,2434,1.35,9946.27,0.35
1581861688.7296386,558.28,0.23,0.24,2454,1.36,9956.17,0.23
1581861719.0586405,560.33,0.23,0.24,2460,1.37,9970.4,0.1
1581861749.171917,573.02,0.23,0.25,2467,1.37,9973.74,0.32
1581861779.444495,574.57,0.23,0.25,2467,1.37,9972.93,0.36
1581861809.5760083,575.56,0.23,0.25,2467,1.37,9976.34,0.15
1581861839.8817773,579.3,0.23,0.25,2476,1.38,9970.55,0.15
1581861870.0259497,578.92,0.23,0.25,2477,1.38,9970.56,0.57
1581861900.047916,578.64,0.23,0.25,2464,1.37,9970,0.33
1581861930.3918233,576.08,0.23,0.25,2470,1.37,9972.37,0.26
1581861960.677134,575.96,0.23,0.25,2471,1.37,9970.01,0.36
1581861991.0353467,576.9,0.23,0.25,2478,1.38,9960.01,0.37
1581862021.43491,575.26,0.23,0.25,2471,1.37,9960,0.28
1581862051.6515646,571.87,0.23,0.25,2468,1.37,9955.37,0.2
1581862083.7921822,568.16,0.23,0.25,2457,1.37,9957.29,-0.04
1581862114.6887598,570.82,0.23,0.25,2451,1.36,9956.82,0.12
1581862145.0409203,569.77,0.23,0.25,2450,1.36,9953.21,0.22
1581862175.1992457,564.19,0.23,0.24,2450,1.36,9951.78,0.15
1581862205.3765917,562.71,0.23,0.24,2445,1.36,9945.5,0.48
1581862236.53556,560.68,0.23,0.24,2441,1.36,9947.71,-0.04
1581862266.8304033,561.78,0.23,0.24,2437,1.35,9949.91,0.3
1581862297.1213772,560.94,0.23,0.25,2436,1.35,9948.01,0.3
1581862327.9849327,558.76,0.23,0.25,2444,1.36,9948,0.2
1581862358.49141,560.9,0.23,0.25,2433,1.35,9949.82,0.17
1581862388.743403,557.83,0.23,0.25,2433,1.35,9949.95,0.24
1581862419.50867,560.8,0.23,0.25,2449,1.36,9955.67,-0.41
1581862449.8303301,562.7,0.23,0.25,2451,1.36,9960.11,0.15
1581862480.5072322,559.44,0.23,0.25,2436,1.35,9961.24,0.36
1581862510.5724041,556.1,0.23,0.25,2445,1.36,9960.67,0.18
1581862541.5951514,548.96,0.23,0.24,2425,1.35,9963.26,0.42
1581862571.6470888,548.87,0.23,0.24,2423,1.35,9959.38,0.4
1581862601.704615,548.52,0.23,0.24,2425,1.35,9960,0.66
1581862633.9898014,550.06,0.23,0.24,2435,1.35,9959.37,0.2
1581862664.400904,547.13,0.23,0.24,2425,1.35,9950,0.35
1581862694.8418274,547.35,0.23,0.24,2415,1.34,9944.17,0.28
1581862725.0775242,544.83,0.23,0.24,2403,1.34,9942.48,0.51
1581862755.4481726,543.26,0.23,0.24,2383,1.32,9938.39,0.33
1581862788.4630694,546.97,0.23,0.24,2385,1.33,9940.8,-0.27
1581862823.0812716,542.07,0.23,0.24,2366,1.32,9941,0.39
1581862853.868032,543.76,0.23,0.24,2377,1.32,9946.32,0.83
1581862884.6315503,534.94,0.23,0.24,2374,1.32,9944.93,-0.04
1581862916.26155,538.06,0.23,0.24,2387,1.33,9939.36,0.29
1581862949.2311392,533.13,0.23,0.24,2368,1.32,9938.33,0.15
1581862979.8862617,531.62,0.22,0.23,2365,1.31,9931.92,0.2
1581863010.6697917,532.37,0.22,0.23,2373,1.32,9936.88,0.33
1581863045.4110663,521.78,0.22,0.23,2341,1.3,9936.88,0.04
1581863075.507244,521.07,0.22,0.23,2336,1.3,9936.88,0.34
1581863105.956155,514.51,0.22,0.22,2323,1.29,9937.63,0.29
1581863140.564456,516.91,0.22,0.22,2322,1.29,9935.21,0.34
1581863171.212115,518.37,0.22,0.22,2330,1.3,9939.99,-0.15
1581863201.3414056,519.24,0.22,0.22,2331,1.3,9936.26,0.4
1581863231.5865238,523.21,0.22,0.22,2340,1.3,9936.26,0.2
1581863262.224222,526.12,0.23,0.22,2336,1.3,9936.26,0.34
1581863292.9204667,527.2,0.23,0.22,2322,1.29,9932.5,-0.2
1581863323.8917542,528.98,0.23,0.23,2316,1.29,9938.17,0.58
1581863354.9498878,527.62,0.23,0.23,2313,1.29,9935.81,-0.28
1581863386.4190373,522.92,0.23,0.23,2296,1.28,9935.41,0.15
1581863416.8206503,526.81,0.23,0.23,2275,1.26,9938.51,0.15
1581863448.0709703,519.17,0.23,0.23,2244,1.25,9947.44,0.34
1581863479.4926608,521.94,0.24,0.23,2219,1.23,9941.29,0.18
1581863510.4441168,519.52,0.23,0.23,2215,1.23,9944.94,-0.14
1581863542.1179864,510.35,0.23,0.22,2194,1.22,9946.14,-0.14
1581863573.740706,504.48,0.23,0.22,2171,1.21,9942.88,-0.54
1581863605.3284745,501.57,0.23,0.22,2165,1.2,9943.22,0.15
1581863635.7655559,494.78,0.23,0.22,2147,1.19,9942.7,0.15
1581863666.8508224,488.65,0.23,0.22,2118,1.18,9942.54,0.38
1581863697.5522642,484.56,0.23,0.22,2111,1.17,9929.36,0.5
1581863727.7271984,475.13,0.23,0.22,2077,1.15,9927.51,-0.32
1581863760.4140332,473.43,0.23,0.22,2070,1.15,9914.97,0.15
1581863790.828824,469.44,0.23,0.22,2073,1.15,9917.07,-0.22
1581863821.98583,466.77,0.23,0.22,2069,1.15,9911.61,0.13
1581863852.3495142,463.63,0.22,0.22,2067,1.15,9916.85,-0.29
1581863882.398042,466.54,0.23,0.22,2069,1.15,9915.16,0.17
1581863912.4957926,463.5,0.22,0.21,2074,1.15,9923.59,0.48
1581863944.7690804,463.41,0.22,0.21,2076,1.15,9915.9,0.15
1581863976.8919833,465.36,0.23,0.21,2068,1.15,9917.52,0.24
1581864006.9452586,462.41,0.22,0.21,2079,1.16,9916.03,0.26
1581864037.1371849,461.76,0.22,0.21,2073,1.15,9910.21,-0.05
1581864067.2318554,465.94,0.22,0.22,2075,1.15,9910.93,0.7
1581864097.2562175,468.29,0.23,0.22,2074,1.15,9911.71,0.19
1581864129.571454,464.32,0.23,0.22,2063,1.15,9907.51,0.15
1581864160.2151973,459.89,0.22,0.21,2066,1.15,9909.75,0.36
1581864190.8337054,460.11,0.22,0.21,2063,1.15,9917.05,-0.15
1581864221.7833927,453.62,0.22,0.21,2045,1.14,9916.89,0.03
1581864252.659533,453.42,0.22,0.21,2046,1.14,9914.69,0.87
1581864282.8481128,455.41,0.22,0.21,2049,1.14,9918.59,0.89
1581864313.3886693,453.9,0.22,0.21,2043,1.14,9920.34,0.14
1581864344.6176705,450.36,0.22,0.2,2043,1.14,9923.28,0.28
1581864375.1299736,447.56,0.22,0.2,2048,1.14,9913.93,0.25
1581864405.4945905,451.74,0.22,0.2,2051,1.14,9912.53,0.45
1581864435.569085,446.52,0.22,0.2,2040,1.13,9910,-0.15
1581864466.5943375,440.97,0.22,0.2,2025,1.13,9909.99,-0.62
1581864497.6959157,440.06,0.22,0.2,2027,1.13,9915.34,0.17
1581864528.9132133,436.76,0.21,0.2,2043,1.14,9908.91,0.17
1581864559.5549684,432.97,0.21,0.19,2037,1.13,9909,0.67
1581864589.8226924,432.01,0.21,0.19,2029,1.13,9902.93,0.25
1581864619.973879,434.92,0.21,0.19,2035,1.13,9902,-0.1
1581864650.317244,431.44,0.21,0.19,2029,1.13,9914.96,0.33
1581864682.413936,429.87,0.21,0.19,2016,1.12,9918.87,0.17
1581864712.7734418,428.23,0.21,0.19,2014,1.12,9912.51,-0.14
1581864742.9669168,431.25,0.21,0.19,2020,1.12,9910.18,0.07
1581864773.384101,433.34,0.22,0.19,2015,1.12,9909.09,0.12
1581864804.1593378,433.48,0.22,0.19,2009,1.12,9908.61,0.51
1581864835.3090925,438.65,0.22,0.2,2018,1.12,9908.48,-0.46
1581864869.2060568,439.58,0.22,0.19,2021,1.12,9908.52,-0.06
1581864900.8970912,438.19,0.22,0.19,2017,1.12,9915.48,0.15
1581864930.962574,437.28,0.22,0.19,2015,1.12,9914.85,-0.34
1581864961.392686,429.8,0.21,0.19,2010,1.12,9914.92,0.28
1581864992.4019175,433.07,0.22,0.19,2012,1.12,9910,0.46
1581865023.3446965,429.54,0.21,0.19,2005,1.11,9905.01,0.17
1581865053.442175,428.56,0.21,0.19,2010,1.12,9902.5,0.63
1581865084.5496643,431.86,0.21,0.19,2014,1.12,9898.03,0.67
1581865115.1501846,433.54,0.22,0.19,2010,1.12,9897.16,0.41
1581865145.5195844,429.08,0.21,0.19,2005,1.11,9904.97,0.64
1581865176.5440474,430.23,0.21,0.19,2012,1.12,9904.09,0.59
1581865206.7308729,425.96,0.21,0.19,2005,1.11,9901.78,-0.01
1581865237.1536894,425.89,0.21,0.18,2034,1.13,9910.02,-0.28
1581865269.276255,423.73,0.21,0.18,2033,1.13,9918.97,0.03
1581865299.9583044,421.09,0.21,0.18,2039,1.13,9921.42,-0.13
1581865330.7162962,423.06,0.21,0.18,2047,1.14,9919.05,0.27
1581865362.1761613,425.53,0.21,0.18,2041,1.13,9921.48,0.36
1581865392.7759283,431.04,0.21,0.19,2065,1.15,9921.1,0.12
1581865423.1824641,433.22,0.21,0.19,2071,1.15,9909,-0.07
1581865454.7390742,435.75,0.21,0.19,2095,1.16,9910.59,0.32
1581865485.2426744,438.19,0.21,0.19,2103,1.17,9910,0.16
1581865515.8833954,437.14,0.21,0.19,2115,1.18,9908,-0.27
1581865546.0495374,438.28,0.21,0.19,2119,1.18,9908.01,-0.19
1581865576.1784554,439.86,0.21,0.19,2121,1.18,9915.52,0.66
1581865606.8316793,440.6,0.21,0.19,2118,1.18,9914.75,0.15
1581865637.7637024,442.18,0.21,0.19,2130,1.18,9914.8,0.18
1581865667.81213,441.32,0.21,0.19,2137,1.19,9915.52,0.09
1581865698.0795805,436.61,0.21,0.19,2125,1.18,9915.53,0.03
1581865728.19181,437.09,0.21,0.18,2127,1.18,9923.46,0.13
1581865758.2149193,433.41,0.2,0.18,2124,1.18,9920.01,0.27
1581865791.8941324,433.91,0.2,0.18,2125,1.18,9920.01,0.1
1581865823.5373383,432.9,0.2,0.18,2114,1.17,9920.01,-0.03
1581865856.0879085,425.54,0.2,0.18,2104,1.17,9913.21,0.28
1581865886.5562353,418.86,0.2,0.18,2103,1.17,9910,0.03
1581865918.5156248,424.21,0.2,0.18,2107,1.17,9908.71,0.4
1581865949.8105676,422.41,0.2,0.18,2092,1.16,9908.7,-0.23
1581865979.9447665,419.31,0.2,0.18,2103,1.17,9902.83,0.41
1581866011.471192,419.63,0.2,0.18,2092,1.16,9904.71,0.25
1581866041.500845,420.77,0.2,0.18,2102,1.17,9900.02,0.79
1581866071.9437728,418.44,0.2,0.18,2106,1.17,9900.02,0.18
1581866103.6308537,418.71,0.2,0.18,2102,1.17,9900.02,0.29
1581866135.5032337,417.71,0.2,0.19,2099,1.17,9895.37,-0.36
1581866166.6636298,423.18,0.2,0.2,2110,1.17,9888.01,0.2
1581866197.1743314,419.03,0.2,0.2,2099,1.17,9895.01,0.26
1581866227.572474,421.63,0.2,0.2,2109,1.17,9910.86,0.56
1581866258.0855105,427.78,0.2,0.2,2139,1.19,9924.86,0.2
1581866288.3277032,429.96,0.2,0.2,2148,1.19,9918.86,0.2
1581866318.3991334,436.93,0.2,0.2,2157,1.2,9918.87,0.15
1581866349.1755514,440.52,0.2,0.2,2180,1.21,9915,0.2
1581866379.670215,440.25,0.2,0.2,2190,1.22,9910.01,-0.25
1581866409.9551156,438.86,0.2,0.2,2208,1.23,9908.01,0.15
1581866440.1883552,437.38,0.2,0.2,2226,1.24,9908.01,0.05
1581866470.202262,438.93,0.2,0.2,2238,1.24,9907.5,0.43
1581866501.071759,442.08,0.2,0.2,2248,1.25,9902.5,-0.27
1581866531.2171538,451.59,0.2,0.2,2267,1.26,9890.01,0.3
1581866561.413931,448.14,0.2,0.2,2279,1.27,9883.95,0.36
1581866592.0478523,448.31,0.2,0.2,2283,1.27,9877.51,0.12
1581866622.3958123,442.32,0.19,0.2,2283,1.27,9884.53,-0.32
1581866652.9642084,443.44,0.19,0.2,2292,1.27,9881.81,0.42
1581866685.236035,447.14,0.19,0.2,2317,1.29,9875,0.36
1581866715.4645436,447.69,0.19,0.2,2329,1.29,9870.01,0.14
1581866748.380809,460.13,0.2,0.2,2343,1.3,9883.2,-0.19
1581866779.5010428,462.87,0.2,0.2,2354,1.31,9885.14,0.12
1581866810.6651425,461.65,0.2,0.2,2353,1.31,9873.31,-0.25
1581866840.7434468,459.19,0.2,0.2,2350,1.31,9871.7,-0.12
1581866872.042869,461.89,0.19,0.2,2369,1.32,9861.41,0.46
1581866902.0833976,460.13,0.19,0.2,2378,1.32,9874.68,0.21
1581866932.3786366,458.32,0.19,0.2,2366,1.31,9879.99,0.54
1581866962.806978,453.83,0.19,0.2,2367,1.32,9892.58,0.15
1581866993.209424,452.41,0.19,0.2,2374,1.32,9898.2,-0.02
1581867023.5026312,456.59,0.19,0.2,2359,1.31,9877.51,-0.08
1581867053.632945,455.37,0.19,0.2,2364,1.31,9883.89,0.26
1581867085.841186,456.49,0.19,0.2,2355,1.31,9890.61,0.37
1581867115.932703,459.08,0.19,0.2,2362,1.31,9899.78,0.18
1581867146.5049982,457.93,0.19,0.2,2361,1.31,9890.29,0.42
1581867177.4328396,456.15,0.19,0.2,2361,1.31,9894.17,0.5
1581867207.4620035,453.27,0.19,0.2,2348,1.3,9880.9,0.15
1581867238.9862404,454.67,0.19,0.2,2339,1.3,9876.01,-0.15
1581867270.4614532,457.11,0.19,0.2,2345,1.3,9869.45,0.37
1581867301.2141063,460.67,0.2,0.2,2341,1.3,9863.67,0.67
1581867331.248916,462.18,0.2,0.2,2340,1.3,9862,0.2
1581867362.8113317,460.11,0.2,0.2,2331,1.3,9861.61,0.81
1581867393.27066,456.78,0.2,0.2,2328,1.29,9857.11,0.25
1581867423.9494467,459.69,0.2,0.2,2327,1.29,9834.58,0.9
1581867454.4254048,462.62,0.2,0.2,2320,1.29,9866.54,-0.26
1581867485.892195,461.95,0.2,0.2,2320,1.29,9865.87,0.2
1581867518.5025125,457.06,0.2,0.2,2312,1.29,9854.59,0.3
1581867548.6958675,464.7,0.2,0.2,2325,1.29,9852.37,0.23
1581867580.3079474,462.76,0.2,0.2,2322,1.29,9858.98,0.72
1581867611.504811,463.09,0.2,0.2,2329,1.3,9858.92,-0.1
1581867642.0773845,471.21,0.2,0.2,2348,1.3,9863.36,0.2
1581867672.1016366,474.84,0.2,0.2,2369,1.32,9873.78,0.17
1581867702.5191903,473,0.2,0.2,2375,1.32,9873.86,0.35
1581867734.0545816,475.86,0.2,0.2,2388,1.33,9871.67,0.36
1581867764.7123196,475.76,0.2,0.2,2393,1.33,9863.37,0.52
1581867795.4049714,482.98,0.2,0.2,2404,1.34,9858.14,0.15
1581867825.470478,483.38,0.2,0.2,2414,1.34,9857.66,0.08
1581867855.9972374,486.51,0.2,0.2,2431,1.35,9864.65,0.2
1581867888.3326879,489.28,0.2,0.2,2438,1.36,9863.35,0.24
1581867918.4222667,484.45,0.2,0.2,2444,1.36,9867.33,0.31
1581867948.8057745,481.83,0.2,0.2,2434,1.35,9877.63,0.41
1581867981.3310006,484.51,0.2,0.2,2437,1.36,9870,0.02
1581868013.2567992,483.24,0.2,0.2,2432,1.35,9870.65,0.41
1581868044.0560277,479.07,0.2,0.2,2416,1.34,9873.22,-0.27
1581868074.1811063,478.91,0.2,0.2,2410,1.34,9888.7,0.29
1581868105.310234,475.25,0.2,0.2,2403,1.34,9884.8,0.26
1581868136.0926836,468.79,0.2,0.2,2380,1.32,9893.44,-0.3
1581868166.3348787,466.7,0.2,0.2,2367,1.32,9893.08,0.27
1581868196.7941535,465.88,0.2,0.2,2344,1.3,9892.85,0.23
1581868229.59538,464.32,0.2,0.2,2331,1.3,9890.29,0.24
1581868260.2910056,463.94,0.2,0.2,2306,1.28,9889.75,0.35
1581868290.6131408,461.6,0.2,0.2,2287,1.27,9888.66,0.18
1581868320.8637824,453.14,0.2,0.2,2266,1.26,9884.8,0.46
1581868352.1843276,450.69,0.2,0.2,2248,1.25,9880.01,-0.05
1581868383.723516,455.73,0.2,0.2,2251,1.25,9887.43,0.89
1581868413.9126298,456.1,0.2,0.2,2247,1.25,9882.26,0.65
1581868444.3894472,454.46,0.2,0.2,2235,1.24,9879.19,-0.04
1581868474.476623,459.07,0.2,0.2,2242,1.25,9869.23,0.28
1581868506.604812,452.49,0.2,0.2,2219,1.23,9867.35,-0.04
1581868537.2695222,437.87,0.2,0.2,2197,1.22,9873.55,-0.26
1581868572.398365,430.47,0.2,0.2,2178,1.21,9875.97,0.49
1581868603.623365,430.65,0.2,0.2,2170,1.21,9879.64,0.4
1581868635.9587648,433.17,0.2,0.2,2173,1.21,9877.1,0.01
1581868665.9784484,430.57,0.2,0.2,2165,1.2,9872.51,0.38
1581868696.4468136,432.8,0.2,0.2,2165,1.2,9872.6,0.4
1581868726.9519658,436.38,0.2,0.2,2180,1.21,9877.75,0.12
1581868757.2282948,443.18,0.2,0.2,2189,1.22,9872.6,0.44
1581868788.1584942,450.49,0.21,0.2,2194,1.22,9872.6,-0.12
1581868818.78849,452.17,0.2,0.2,2218,1.23,9870.4,-0.1
1581868849.4188788,451.61,0.2,0.2,2217,1.23,9861,0.08
1581868879.8138049,456.52,0.2,0.2,2237,1.24,9855.01,0.12
1581868910.9554832,460.56,0.2,0.2,2252,1.25,9871.54,0.26
1581868941.1209123,464.82,0.21,0.2,2254,1.25,9895.46,0.39
1581868972.347064,465.13,0.21,0.2,2249,1.25,9905.21,0.27
1581869004.2903488,462.51,0.2,0.2,2262,1.26,9912.65,0.25
1581869034.80631,457.1,0.2,0.2,2253,1.25,9907.9,0.1
1581869066.6557767,457.5,0.2,0.2,2265,1.26,9911.43,0.12
1581869096.7816503,458.23,0.2,0.2,2272,1.26,9919.06,0.52
1581869126.9913316,456.45,0.2,0.2,2281,1.27,9921.47,0.63
1581869157.311867,458.86,0.2,0.2,2286,1.27,9917.6,0.39
1581869189.7986205,456.4,0.2,0.2,2277,1.27,9920.1,0.53
1581869220.717971,455.09,0.2,0.2,2278,1.27,9910.01,0.36
1581869253.609824,451.08,0.2,0.2,2270,1.26,9911.41,0.67
1581869284.3534253,450.56,0.2,0.2,2265,1.26,9908.72,0.32
1581869314.5643165,454.34,0.2,0.2,2272,1.26,9905.93,0.25
1581869345.106482,448.48,0.2,0.2,2262,1.26,9903.95,0.46
1581869376.5690844,449.91,0.2,0.2,2265,1.26,9896.66,0.2
1581869406.6512108,453.79,0.2,0.2,2272,1.26,9895.11,-0.19
1581869439.4310164,447.73,0.2,0.2,2262,1.26,9904.99,0.19
1581869469.999944,446.03,0.2,0.2,2253,1.25,9906.31,0.59
1581869500.0380468,446.8,0.2,0.2,2245,1.25,9906.31,-0.34
1581869530.2585971,445.09,0.2,0.2,2244,1.25,9900,0.24
1581869561.2039325,444.45,0.2,0.2,2244,1.25,9896.21,0.42
1581869594.0482626,438.15,0.2,0.2,2239,1.24,9888.68,-0.19
1581869625.2117019,440.56,0.2,0.2,2249,1.25,9887.5,0.21
1581869656.005808,434.09,0.19,0.2,2243,1.25,9880.36,0.14
1581869686.1089756,435.26,0.19,0.2,2246,1.25,9877.3,0.19
1581869716.3132477,439.01,0.19,0.2,2263,1.26,9858,0.53
1581869746.8359814,437.65,0.19,0.2,2268,1.26,9860.01,-0.04
1581869777.2563455,434.36,0.19,0.2,2277,1.27,9838.7,0.2
1581869807.9324083,430.53,0.19,0.2,2285,1.27,9830.54,-0.04
1581869838.1504085,433.72,0.19,0.2,2294,1.28,9833.99,0.12
1581869868.5555975,434.73,0.19,0.2,2283,1.27,9828.78,0.16
1581869898.8383713,434.93,0.19,0.2,2279,1.27,9801,-0.04
1581869929.084338,440.69,0.19,0.2,2291,1.28,9807,0.55
1581869960.5565953,442.41,0.19,0.2,2310,1.28,9810.94,-0.04
1581869990.8581214,441.09,0.19,0.2,2315,1.29,9796.68,0.4
1581870021.2009535,443.36,0.19,0.2,2330,1.29,9796.46,0.18
1581870051.2933962,446.61,0.19,0.2,2350,1.31,9815.64,0.42
1581870084.6929867,442.72,0.19,0.2,2346,1.3,9823.99,-0.3
1581870115.6098974,446.21,0.19,0.2,2363,1.31,9834.04,0.24
1581870145.8719394,450.08,0.19,0.2,2383,1.32,9819.72,0.24
1581870176.5403888,445.24,0.19,0.2,2391,1.33,9803.52,-0.06
1581870206.716918,448.84,0.19,0.2,2405,1.34,9792.36,0.05
1581870239.1694975,445.82,0.19,0.2,2403,1.34,9793.38,-0.35
1581870269.3369348,438.82,0.18,0.2,2408,1.34,9801.55,-0.03
1581870299.6055074,440.01,0.18,0.19,2426,1.35,9787.01,0.41
1581870329.749619,445.35,0.18,0.2,2438,1.36,9791.1,0.81
1581870360.4934318,448.08,0.18,0.2,2458,1.37,9801.57,0.18
1581870391.264519,453.55,0.18,0.2,2475,1.38,9804.84,0.15
1581870421.4694312,453.26,0.18,0.19,2477,1.38,9815.55,0.34
1581870454.1421885,455.55,0.18,0.2,2478,1.38,9813.97,0.18
1581870484.72894,456.43,0.18,0.2,2482,1.38,9826.32,0.36
1581870515.0893698,456.52,0.18,0.2,2479,1.38,9815.7,0.09
1581870545.1314461,457.68,0.18,0.2,2479,1.38,9807.98,0.36
1581870576.710253,449.37,0.18,0.2,2468,1.37,9800.01,-0.3
1581870606.8123224,445.79,0.18,0.2,2457,1.37,9800.01,0.43
1581870637.9969275,446.49,0.18,0.2,2440,1.36,9784.01,0.1
1581870668.9166954,446,0.18,0.2,2433,1.35,9780.48,0.31
1581870699.1768184,441.99,0.18,0.2,2424,1.35,9785.69,0.57
1581870730.1975431,437.85,0.18,0.2,2411,1.34,9789.87,-0.29
1581870761.4365642,438.33,0.18,0.2,2411,1.34,9803.01,0.8
1581870791.7186222,438.34,0.18,0.2,2409,1.34,9805.01,-0.17
1581870822.5263278,442.37,0.18,0.2,2417,1.34,9797.36,-0.21
1581870853.4412322,442.83,0.18,0.2,2421,1.35,9800.54,0.3
1581870883.7203496,440.54,0.18,0.2,2417,1.34,9805.02,0.81
1581870913.7584996,438.93,0.18,0.19,2416,1.34,9803.45,-0.17
1581870944.167573,440.85,0.18,0.19,2428,1.35,9797.03,0.09
1581870974.1857765,443.09,0.18,0.2,2413,1.34,9803.45,0.8
1581871006.1499248,441.21,0.18,0.2,2417,1.34,9788.72,0.16
1581871036.2969084,442.26,0.18,0.19,2420,1.34,9788.76,0.48
1581871066.5038052,446.87,0.18,0.2,2432,1.35,9780.59,0.1
1581871096.6993878,447.1,0.18,0.2,2435,1.35,9777.83,0.16
1581871126.9863572,449.41,0.18,0.2,2443,1.36,9778.57,0.06
1581871158.038802,449.73,0.18,0.2,2446,1.36,9787.97,-0.04
1581871190.8678267,448.23,0.18,0.19,2443,1.36,9777.26,0.08
1581871221.4037192,443.64,0.18,0.19,2426,1.35,9767.77,0.4
1581871253.2267494,447.87,0.18,0.19,2457,1.37,9747.97,0.15
1581871283.809065,444.4,0.18,0.19,2459,1.37,9748.67,0.4
1581871314.024773,447.66,0.18,0.19,2474,1.38,9767.06,0.27
1581871344.9755952,448.09,0.18,0.19,2469,1.37,9783.52,-0.31
1581871375.100716,446.96,0.18,0.19,2454,1.36,9782.42,-0.14
1581871405.8099291,443.13,0.18,0.19,2444,1.36,9780.28,0.33
1581871435.9173687,440.22,0.18,0.19,2432,1.35,9770.44,-0.04
1581871466.7562778,438.92,0.18,0.19,2412,1.34,9761.3,0.25
1581871497.5888941,438.77,0.18,0.19,2406,1.34,9760.37,0.07
1581871528.8071265,438.19,0.18,0.19,2397,1.33,9771.48,-0.08
1581871558.9651327,440.66,0.18,0.2,2396,1.33,9765.98,-0.25
1581871590.3137517,446.04,0.19,0.2,2391,1.33,9756.99,0.18
1581871620.9439557,446.91,0.19,0.2,2392,1.33,9751.24,0.59
1581871652.6895936,441.42,0.19,0.2,2385,1.33,9736.89,-0.22
1581871684.6770785,440.15,0.18,0.2,2404,1.34,9720.96,0.23
1581871714.713096,434.38,0.18,0.2,2408,1.34,9741.87,0.49
1581871745.2949758,429.19,0.18,0.19,2386,1.33,9737.66,0.5
1581871775.921403,434.54,0.18,0.19,2396,1.33,9726.85,0.45
1581871806.0489643,435.69,0.18,0.2,2391,1.33,9726.96,-0.08
1581871836.556776,438.51,0.18,0.2,2405,1.34,9722.58,-0.03
1581871867.973803,441.21,0.18,0.2,2400,1.33,9716.39,0.51
1581871898.0237074,449.77,0.19,0.2,2424,1.35,9693.96,0.09
1581871928.9972918,444.27,0.18,0.2,2410,1.34,9671.04,0.62
1581871959.241001,444.54,0.19,0.2,2387,1.33,9654.98,0.75
1581871993.307401,447.43,0.19,0.2,2383,1.32,9612.98,0.09
1581872024.387496,446.55,0.19,0.2,2373,1.32,9665.04,-0.06
1581872054.59536,452.35,0.19,0.2,2372,1.32,9670,0.1
1581872084.6831956,452.9,0.19,0.2,2353,1.31,9696.69,-0.11
1581872115.590808,449.7,0.19,0.2,2347,1.3,9690.21,-0.26
1581872145.6296487,451.57,0.19,0.2,2352,1.31,9700,-0.56
1581872176.78027,451.74,0.19,0.2,2361,1.31,9661.98,-0.6
1581872207.141592,454.7,0.19,0.2,2359,1.31,9689.32,0.11
1581872237.9270961,457.96,0.19,0.2,2369,1.32,9674.41,0.07
1581872268.363501,453.49,0.19,0.2,2368,1.32,9686.76,0.54
1581872298.7768147,454.64,0.19,0.2,2376,1.32,9689.11,0.2
1581872328.827274,451.07,0.19,0.2,2373,1.32,9690,0.15
1581872359.2245023,451.59,0.19,0.2,2379,1.32,9713,0.24
1581872389.239528,455.7,0.19,0.2,2395,1.33,9725,0.83
1581872419.272366,454.67,0.19,0.2,2423,1.35,9710.21,-0.1
1581872449.4984567,453.96,0.19,0.2,2423,1.35,9706.8,-0.04
1581872480.5099654,454.33,0.19,0.2,2432,1.35,9705.92,-0.4
1581872510.771886,456.24,0.19,0.2,2432,1.35,9700.01,0.18
1581872541.95313,454.27,0.19,0.19,2444,1.36,9699.84,0.36
1581872572.961769,458.58,0.19,0.19,2464,1.37,9713.67,0.33
1581872602.986413,453.76,0.18,0.19,2469,1.37,9724.98,-0.05
1581872633.2792134,453.76,0.18,0.18,2467,1.37,9729.41,0.15
1581872663.4141295,449.66,0.18,0.18,2456,1.36,9724.15,0.21
1581872694.5786026,456.5,0.18,0.19,2472,1.37,9728.44,0.56
1581872725.172981,457.47,0.18,0.19,2476,1.38,9733.99,0.26
1581872756.359352,454,0.18,0.18,2487,1.39,9745,-0.23
1581872786.525159,459.24,0.18,0.18,2512,1.4,9748.25,0.33
1581872816.91227,459.45,0.18,0.18,2529,1.41,9765.37,0.2
1581872847.7136552,461.08,0.18,0.18,2543,1.41,9770.23,0.1
1581872878.4200997,464.31,0.18,0.18,2553,1.42,9765.62,0.25
1581872908.7509024,462.27,0.18,0.18,2552,1.42,9768,0.2
1581872939.0944102,463.5,0.18,0.18,2541,1.41,9779.29,0.15
1581872969.2853029,465.61,0.18,0.18,2540,1.41,9781.27,0.15
1581873000.9455922,464.95,0.18,0.18,2547,1.42,9790.01,0.5
1581873031.581324,462.3,0.18,0.18,2546,1.41,9790.01,0.44
1581873062.5407062,465.69,0.18,0.18,2535,1.41,9785.96,0.6
1581873093.444866,472.34,0.19,0.18,2532,1.41,9783.49,0.47
1581873123.642949,468.37,0.19,0.18,2528,1.41,9782.16,0.48
1581873155.1218374,466.57,0.18,0.18,2541,1.41,9782.23,0.15
1581873185.3334732,473.54,0.19,0.18,2558,1.42,9787.85,-0.08
1581873215.408161,474.63,0.19,0.18,2557,1.42,9794.14,0.15
1581873246.010479,475.6,0.19,0.18,2566,1.43,9789.37,0.3
1581873277.2773104,478.7,0.19,0.18,2587,1.44,9792.02,0.47
1581873307.5833256,477.14,0.19,0.18,2575,1.43,9780.6,0.83
1581873337.8858044,474.2,0.18,0.18,2586,1.44,9779.01,0.92
1581873368.4567194,477.69,0.18,0.18,2595,1.44,9757.39,0.6
1581873398.71407,474.47,0.18,0.18,2597,1.44,9753.21,0.15
1581873430.7092383,478.9,0.18,0.18,2604,1.45,9762.71,-0.07
1581873462.3904135,478.22,0.18,0.18,2601,1.45,9762,0.4
1581873495.0862675,481.06,0.19,0.18,2572,1.43,9770.2,0.26
1581873525.2565284,482.41,0.19,0.18,2580,1.43,9777.23,-0.5
1581873558.1445818,481.42,0.19,0.18,2571,1.43,9783.29,0.15
1581873588.215558,477.07,0.19,0.18,2569,1.43,9788.83,0.2
1581873618.3167598,483.56,0.19,0.18,2573,1.43,9787.6,0.8
1581873648.603568,481.54,0.19,0.18,2570,1.43,9788.72,0.14
1581873678.64645,484.51,0.19,0.18,2569,1.43,9796.57,0.7
1581873708.9475207,488.22,0.19,0.18,2577,1.43,9800,0.62
1581873739.1370776,494.59,0.19,0.19,2588,1.44,9794.79,0.25
1581873769.2627158,486.73,0.19,0.18,2572,1.43,9784.36,-0.33
1581873800.1998265,484.96,0.19,0.18,2582,1.44,9796.24,-0.34
1581873830.439722,490.45,0.19,0.18,2600,1.45,9785.01,0.92
1581873860.8058603,488.75,0.19,0.18,2605,1.45,9788.37,0.29
1581873890.9637365,489.48,0.19,0.18,2612,1.45,9797.18,0.47
1581873921.2655559,495.44,0.19,0.18,2616,1.45,9780.74,0.31
1581873952.4646068,494.7,0.19,0.19,2613,1.45,9780.75,0.32
1581873982.7908876,505.98,0.19,0.19,2620,1.46,9776.87,0.15
1581874013.14343,501,0.19,0.19,2629,1.46,9776.87,-0.1
1581874043.360111,498.39,0.19,0.19,2627,1.46,9776.88,0.15
1581874075.2535872,498.02,0.19,0.18,2634,1.46,9768.91,0.15
1581874106.0859315,497.95,0.19,0.18,2632,1.46,9768.98,-0.06
1581874137.5289028,493.81,0.19,0.18,2616,1.45,9769.07,0.3
1581874167.7308192,492.21,0.19,0.18,2604,1.45,9769.13,0.23
1581874198.4451818,497.07,0.19,0.19,2593,1.44,9788.04,0.81
1581874228.4972699,493.55,0.19,0.19,2572,1.43,9786.97,-0.14
1581874258.6958683,496.09,0.19,0.19,2562,1.42,9786.98,0.15
1581874288.733545,492.75,0.19,0.19,2545,1.41,9794.14,0.87
1581874319.247819,489.54,0.19,0.19,2536,1.41,9792.07,0.39
1581874349.6149027,491.47,0.19,0.19,2534,1.41,9790.8,0.25
1581874379.7130475,490.19,0.19,0.19,2527,1.4,9793.48,0.83
1581874410.853402,492.02,0.2,0.2,2518,1.4,9785.88,0.37
1581874441.3722816,494.8,0.2,0.2,2503,1.39,9785.01,0.12
1581874471.810535,495.54,0.2,0.2,2495,1.39,9781.63,0.8
1581874502.011967,497.39,0.2,0.2,2500,1.39,9776.63,0.73
1581874533.2559772,495.32,0.2,0.2,2495,1.39,9780.18,0.14
1581874563.6414776,495.94,0.2,0.2,2485,1.38,9779.28,-0.13
1581874596.4989057,495.58,0.2,0.2,2464,1.37,9779.06,0.14
1581874626.9025707,492.45,0.2,0.2,2461,1.37,9774.64,-0.6
1581874656.982233,492.74,0.2,0.2,2449,1.36,9765.03,0.15
1581874688.178062,495.56,0.2,0.2,2448,1.36,9768.97,0.14
1581874718.8935049,495.29,0.2,0.2,2443,1.36,9766,0.59
1581874748.9912422,494.05,0.2,0.2,2452,1.36,9764.9,-0.3
1581874780.1685853,493.36,0.2,0.2,2451,1.36,9762.78,-0.42
1581874810.2002282,490.77,0.2,0.2,2439,1.36,9778.33,0.21
1581874840.4580388,492.78,0.2,0.2,2447,1.36,9780.5,0.14
1581874870.507916,491.77,0.2,0.2,2435,1.35,9763.05,0.33
1581874901.5106833,490.09,0.2,0.2,2431,1.35,9765.54,0.24
1581874931.9725676,492.99,0.2,0.2,2430,1.35,9764.45,0.61
1581874962.2435877,492.36,0.2,0.2,2418,1.34,9779.99,0.15
1581874992.5761323,487.33,0.2,0.2,2404,1.34,9779.04,0.26
1581875023.306418,488.09,0.2,0.2,2399,1.34,9779.04,0.11
1581875053.87372,489.49,0.2,0.2,2400,1.33,9779.04,-0.48
1581875086.0264912,489.03,0.2,0.2,2389,1.33,9779.98,0.25
1581875116.3395689,491.5,0.21,0.2,2391,1.33,9780,0.15
1581875146.7547317,489.39,0.21,0.2,2374,1.32,9779.01,0.57
1581875178.054872,486.59,0.21,0.2,2351,1.31,9766.36,-0.34
1581875208.6462226,484.88,0.21,0.2,2347,1.3,9767.48,0.41
1581875239.7031748,485.39,0.21,0.2,2344,1.3,9764.97,0.26
1581875270.0829275,483.71,0.21,0.2,2345,1.3,9768.92,0.1
1581875300.6916492,486.6,0.21,0.2,2350,1.31,9767.82,0.15
1581875332.1386902,489.86,0.21,0.2,2353,1.31,9764.82,0.36
1581875363.100805,490.61,0.21,0.21,2355,1.31,9763.96,0.5
1581875393.5227406,486.57,0.21,0.2,2349,1.31,9757.72,-0.49
1581875423.732491,480.68,0.21,0.2,2328,1.29,9762.42,0.25
1581875454.7440565,474.9,0.2,0.2,2319,1.29,9764.18,0.61
1581875486.0056992,468.01,0.2,0.2,2303,1.28,9761.41,0.51
1581875517.2151299,466.64,0.2,0.2,2300,1.28,9758.5,-0.27
1581875547.821993,461.34,0.2,0.2,2287,1.27,9756.12,0.2
1581875578.3018572,464.01,0.2,0.2,2300,1.28,9755.05,-0.22
1581875608.5259507,459.97,0.2,0.2,2287,1.27,9759.67,-0.06
1581875638.9374397,460.01,0.2,0.2,2285,1.27,9758.35,-0.19
1581875669.1618474,460.03,0.2,0.2,2294,1.28,9758.34,0.32
1581875700.223554,463.06,0.2,0.2,2298,1.28,9769.99,0.15
1581875730.5933318,465.95,0.2,0.2,2296,1.28,9776.99,0.31
1581875763.3588023,457.47,0.2,0.2,2290,1.27,9776.99,0.14
1581875794.2971487,455.74,0.2,0.2,2285,1.27,9771.63,0.66
1581875825.9633863,456.27,0.2,0.2,2265,1.26,9771.61,-0.28
1581875859.6625743,453.67,0.2,0.2,2252,1.25,9775.33,0.24
1581875889.9208279,454.38,0.2,0.2,2251,1.25,9777.42,-0.05
1581875920.4625604,460.29,0.2,0.2,2255,1.25,9771.01,0.54
1581875951.5757236,460.34,0.2,0.2,2250,1.25,9766.33,0.09
1581875982.1289802,452.47,0.2,0.2,2242,1.25,9760.47,0.18
1581876012.7603064,453.68,0.2,0.2,2257,1.25,9764.09,-0.17
1581876043.693577,453.13,0.2,0.2,2257,1.25,9767.13,0.14
1581876074.7955177,452.8,0.2,0.2,2270,1.26,9769.3,0.09
1581876105.08472,453.47,0.2,0.2,2260,1.26,9769.6,0.16
1581876135.5825322,450.28,0.2,0.2,2250,1.25,9769.89,0.25
1581876165.6481674,445.23,0.2,0.19,2255,1.25,9776.62,0.2
1581876196.4674277,439.39,0.2,0.19,2253,1.25,9773.41,0.35
1581876228.3524928,437.67,0.19,0.18,2260,1.26,9773.45,0.26
1581876260.5426888,431.08,0.19,0.18,2254,1.25,9771.86,-0.04
1581876290.7863984,423.45,0.19,0.17,2238,1.24,9770.69,0.17
1581876324.5509896,423.73,0.19,0.18,2223,1.24,9770.36,0.62
1581876355.5282447,426.37,0.19,0.18,2229,1.24,9772.58,0.3
1581876385.8785448,423.14,0.19,0.18,2234,1.24,9773.13,-0.04
1581876416.1968744,421.11,0.19,0.18,2220,1.23,9773.13,0.47
1581876446.9211776,418.41,0.19,0.18,2203,1.22,9777.5,-0.23
1581876477.4634845,412.83,0.19,0.17,2199,1.22,9778.09,0.38
1581876508.5904925,413.41,0.19,0.17,2204,1.22,9780,0.1
1581876538.7349458,414.83,0.19,0.17,2228,1.24,9780,-0.04
1581876572.7065845,410.27,0.19,0.17,2206,1.23,9780,-0.04
1581876603.4376314,410.55,0.19,0.18,2197,1.22,9780,0.84
1581876636.909791,409.86,0.19,0.18,2190,1.22,9780,0.04
1581876669.3465652,410.48,0.19,0.18,2184,1.21,9780,-0.2
1581876701.777117,411.18,0.19,0.18,2179,1.21,9780,0.36
1581876732.670876,408.32,0.19,0.18,2173,1.21,9788.62,0.1
1581876763.103937,406.48,0.19,0.18,2176,1.21,9790,0.23
1581876793.968917,405.55,0.19,0.18,2164,1.2,9799,-0.14
1581876825.2007964,405.84,0.19,0.18,2170,1.21,9799,0.07
1581876855.294487,403.24,0.19,0.18,2164,1.2,9800,0.63
1581876886.7547953,402.19,0.19,0.18,2157,1.2,9800,0.82
1581876919.5385845,400.47,0.19,0.19,2140,1.19,9800,-0.15
1581876951.5466745,402.84,0.19,0.19,2140,1.19,9810,0.25
1581876981.858234,402.11,0.19,0.19,2147,1.19,9821.28,-0.47
1581877013.1565154,400.43,0.19,0.19,2138,1.19,9825,0.45
1581877044.0186396,401.01,0.19,0.19,2141,1.19,9824.13,0.36
1581877074.2031183,397.92,0.19,0.19,2136,1.19,9824.6,0.36
1581877107.170952,392.42,0.18,0.19,2125,1.18,9825,-0.44
1581877137.5592027,388.35,0.18,0.19,2121,1.18,9842.97,0.37
1581877168.0258036,388.74,0.18,0.19,2116,1.18,9840,0.21
1581877199.872933,390.27,0.18,0.2,2114,1.17,9833.83,0.31
1581877231.4085743,389.5,0.18,0.19,2120,1.18,9841.22,-0.19
1581877263.948765,388.72,0.18,0.19,2129,1.18,9830,-0.07
1581877294.0001452,387.47,0.18,0.19,2119,1.18,9832.43,0.4
1581877324.2357342,385.04,0.18,0.2,2106,1.17,9829.85,0.3
1581877356.305812,389.53,0.18,0.2,2113,1.17,9831.03,0.82
1581877386.7641487,385.3,0.18,0.2,2085,1.16,9831.03,0.35
1581877417.6581626,386.58,0.19,0.2,2088,1.16,9824.29,0.36
1581877447.9285336,385.17,0.18,0.2,2082,1.16,9828.52,-0.15
1581877478.6763783,382.31,0.18,0.2,2069,1.15,9824.22,0.5
1581877509.342999,376.73,0.18,0.2,2045,1.14,9820.01,0.07
1581877540.276998,373.37,0.18,0.2,2037,1.13,9824.83,-0.41
1581877570.7776632,374.01,0.18,0.2,2029,1.13,9820.35,0.34
1581877602.022903,372.26,0.18,0.2,2026,1.13,9815.01,0.2
1581877632.9523084,374.01,0.18,0.2,2039,1.13,9815.48,0.64
1581877664.5095358,375.26,0.18,0.2,2045,1.14,9815.84,0.29
1581877695.9383042,376.35,0.18,0.2,2047,1.14,9815.23,0.26
1581877726.5381148,371.5,0.18,0.2,2046,1.14,9813.37,0.42
1581877756.939574,371.15,0.18,0.2,2059,1.14,9810.04,0.26
1581877787.1113966,376.55,0.18,0.2,2064,1.15,9808.44,0.33
1581877818.3358614,371.94,0.18,0.2,2042,1.14,9807.28,0.26
1581877848.9730701,377.09,0.18,0.2,2041,1.13,9797.17,0.24
1581877879.8672278,381.04,0.19,0.2,2042,1.14,9799.24,-0.1
1581877911.4795465,388.59,0.19,0.2,2058,1.14,9799.25,0.24
1581877941.6832051,397.07,0.19,0.21,2073,1.15,9816.48,0.41
1581877972.9236598,400.7,0.19,0.21,2075,1.15,9802.6,0.09
1581878003.1067514,411.49,0.2,0.22,2094,1.16,9804.99,0.51
1581878034.1064723,413.97,0.2,0.22,2100,1.17,9804.93,-0.04
1581878064.3914795,419.55,0.2,0.22,2114,1.18,9805,0.6
1581878095.923616,422.9,0.2,0.23,2119,1.18,9804.94,0.15
1581878126.5954893,430.42,0.2,0.23,2133,1.19,9801.38,0.26
1581878156.7540548,429.43,0.2,0.23,2125,1.18,9805.35,0.14
1581878187.6931283,431.27,0.2,0.23,2107,1.17,9804.61,0.92
1581878218.2468147,438.47,0.21,0.24,2120,1.18,9814,0.09
1581878248.349766,440.52,0.21,0.24,2118,1.18,9820.35,-0.04
1581878279.0542002,442.07,0.21,0.24,2108,1.17,9824.32,0.81
1581878309.144759,440.82,0.21,0.24,2108,1.17,9824.4,0.17
1581878339.1610577,442.63,0.21,0.24,2087,1.16,9825.19,0.2
1581878373.1318145,439.84,0.21,0.24,2082,1.16,9817.09,0.51
1581878403.4891922,437.28,0.21,0.24,2080,1.16,9815.01,-0.2
1581878434.758417,433.04,0.21,0.24,2074,1.15,9820.82,0.51
1581878467.0094008,434.49,0.21,0.24,2081,1.16,9820.82,0.35
1581878498.2792659,432.97,0.21,0.24,2074,1.15,9820.82,-0.04
1581878528.7733374,429.6,0.21,0.24,2068,1.15,9820.82,0.67
1581878560.526802,428.6,0.21,0.24,2071,1.15,9819.78,-0.18
1581878590.5819929,432.66,0.21,0.24,2091,1.16,9820.75,0.32
1581878622.0925126,436.89,0.21,0.24,2093,1.16,9820.76,0.46
1581878653.1907544,437.47,0.21,0.24,2093,1.16,9820.82,0.57
1581878683.7738428,433.75,0.21,0.24,2082,1.16,9820.82,0.03
1581878714.115575,433.45,0.21,0.24,2081,1.16,9820.82,-0.05
1581878749.7304058,434.25,0.21,0.24,2077,1.16,9820.83,0.08
1581878780.0620375,432.71,0.21,0.24,2071,1.15,9822.54,0.2
1581878811.4645448,433.79,0.21,0.24,2074,1.15,9822.55,-0.25
1581878842.5937316,433.6,0.21,0.24,2072,1.15,9823.26,0.09
1581878873.08876,434.66,0.21,0.24,2066,1.15,9825,0.05
1581878904.4319048,439.57,0.21,0.24,2076,1.16,9822.9,0.5
1581878936.1881526,435.2,0.21,0.24,2081,1.16,9820.64,0.18
1581878968.5520422,434.32,0.21,0.24,2088,1.16,9819.52,-0.28
1581878998.899245,438.75,0.21,0.24,2102,1.17,9820.62,-0.07
1581879029.681824,440.51,0.21,0.24,2099,1.17,9819.52,-0.2
1581879059.8569393,442.3,0.21,0.24,2088,1.16,9819.53,0.5
1581879090.1996403,444.75,0.21,0.24,2094,1.16,9819.53,-0.27
1581879122.5250823,443.37,0.21,0.24,2090,1.16,9811.6,0.83
1581879153.1705184,443.27,0.21,0.24,2083,1.16,9810.03,0.2
1581879183.4116802,442.6,0.21,0.24,2091,1.16,9811.61,-0.15
1581879215.6265068,442.64,0.21,0.24,2089,1.16,9804.4,-0.07
1581879245.8142161,439.24,0.21,0.24,2092,1.16,9810.52,0.29
1581879276.3907695,439.11,0.21,0.24,2093,1.16,9810.52,0.09
1581879306.6511753,438.14,0.21,0.23,2096,1.16,9810.52,0.35
1581879336.8742445,437.7,0.21,0.23,2096,1.16,9810.54,0.44
1581879367.748,435.94,0.21,0.23,2092,1.16,9813.67,-0.08
1581879398.4247549,434.97,0.21,0.23,2084,1.16,9813.66,0.23
1581879429.2012165,432.18,0.21,0.23,2077,1.15,9814.56,-0.63
1581879459.786576,428.64,0.21,0.23,2060,1.14,9815.38,0.5
1581879490.6176102,426.52,0.21,0.23,2054,1.14,9815.37,0.49
1581879521.0931106,431.82,0.21,0.24,2056,1.14,9813.68,0.23
1581879556.0880568,430.53,0.21,0.24,2045,1.14,9813.67,0.41
1581879587.6046712,427.58,0.21,0.24,2038,1.13,9809.1,0.22
1581879617.840588,425.02,0.21,0.23,2064,1.15,9808.11,-0.37
1581879649.1940227,417.23,0.2,0.23,2058,1.14,9799.91,0.17
1581879680.3584723,412.72,0.2,0.23,2052,1.14,9798.2,0.62
1581879711.769928,405.03,0.2,0.23,2039,1.13,9794.16,-0.1
1581879741.925552,398.8,0.2,0.23,2019,1.12,9794.79,0.31
1581879772.7655962,395.72,0.2,0.23,2004,1.11,9780.99,0.02
1581879803.5821624,389.35,0.2,0.22,1984,1.1,9785,0.26
1581879835.504129,387.44,0.2,0.23,1967,1.09,9786.13,0.47
1581879865.7774203,383.68,0.2,0.22,1957,1.09,9789.15,-0.09
1581879895.9630861,380.83,0.19,0.22,1959,1.09,9787.51,0.05
1581879926.391241,376.47,0.19,0.21,1960,1.09,9787.62,0.29
1581879956.6801264,372.35,0.19,0.2,1953,1.09,9787.75,0.08
1581879988.9653378,367.53,0.19,0.2,1953,1.09,9785.2,-0.05
1581880019.4246068,362.41,0.19,0.2,1945,1.08,9781.27,0.85
1581880050.3841238,360.83,0.19,0.2,1950,1.09,9778.03,-0.05
1581880083.702946,357.74,0.18,0.2,1945,1.08,9779.25,-0.05
1581880114.2902908,352.83,0.18,0.2,1925,1.07,9780.16,-0.19
1581880144.913237,351.42,0.18,0.2,1934,1.07,9780.16,0.33
1581880175.6283174,350.75,0.18,0.19,1941,1.08,9780.16,0.52
1581880206.807498,351.36,0.18,0.2,1943,1.08,9780.16,0.4
1581880237.6768997,352.92,0.18,0.2,1941,1.08,9780.15,0.79
1581880268.0894513,352.11,0.18,0.2,1933,1.07,9780.01,-0.05
1581880298.8155146,358.08,0.18,0.2,1949,1.08,9780.01,-0.14
1581880329.5509727,356.08,0.18,0.2,1950,1.08,9773.12,0.08
1581880360.7259436,361.74,0.18,0.2,1961,1.09,9780.01,0.21
1581880391.0189908,355.62,0.18,0.2,1948,1.08,9790,0.51
1581880421.3605723,353.05,0.18,0.2,1944,1.08,9781.57,0.39
1581880452.7249548,351.95,0.18,0.19,1960,1.09,9781.56,0.05
1581880483.8042064,355.42,0.18,0.19,1971,1.1,9781.56,0.23
1581880514.8027253,355.15,0.18,0.19,1977,1.1,9790,0.11
1581880545.5521805,353.62,0.18,0.19,1987,1.11,9792.27,-0.04
1581880576.5336306,351.19,0.18,0.19,1986,1.11,9792.27,-0.25
1581880606.795831,352.09,0.18,0.19,1993,1.11,9792.27,0.48
1581880637.3172326,351.68,0.18,0.18,1992,1.11,9792.27,-0.04
1581880668.412584,350.92,0.18,0.18,2003,1.11,9781.69,0.33
1581880698.5708773,345.77,0.17,0.18,1984,1.1,9781.68,-0.08
1581880733.9989147,350.8,0.18,0.19,1978,1.1,9780.6,-0.07
1581880765.371219,344.86,0.18,0.19,1962,1.09,9779.99,-0.08
1581880797.014631,339.16,0.17,0.18,1949,1.08,9788.05,0.24
1581880827.061032,340.26,0.17,0.19,1949,1.08,9784.28,0.53
1581880857.2498374,340.13,0.17,0.19,1951,1.08,9781.75,0.18
1581880887.8043284,340.16,0.17,0.19,1946,1.08,9780.01,-0.03
1581880919.9155357,343.73,0.18,0.19,1960,1.09,9780.01,0.2
1581880950.38063,341.77,0.17,0.19,1970,1.09,9780,0.46
1581880980.6876984,341.15,0.17,0.19,1968,1.09,9779.01,0.23
1581881010.8039684,343.01,0.17,0.19,1967,1.09,9779.01,0.21
1581881041.4072728,343.86,0.17,0.19,1969,1.09,9779.01,0.16
1581881071.4573722,346.42,0.17,0.19,1980,1.1,9767,0.67
1581881103.3462913,348.13,0.18,0.2,1975,1.1,9768.9,0.09
1581881133.421531,347.26,0.18,0.2,1971,1.1,9768.96,-0.25
1581881165.74453,345.04,0.17,0.19,1974,1.1,9773.92,-0.12
1581881196.7521186,344.57,0.17,0.19,1973,1.1,9776.79,0.32
1581881227.7347095,342.84,0.17,0.19,1972,1.1,9776.79,0.2
1581881258.289958,339.62,0.17,0.18,1970,1.1,9776.79,0.08
1581881288.816033,340.49,0.17,0.18,1967,1.09,9776.78,0.11
1581881322.264398,334.03,0.17,0.18,1952,1.08,9776.79,-0.26
1581881352.7473574,333.18,0.17,0.18,1958,1.09,9776.78,0.26
1581881384.438501,333.15,0.17,0.18,1958,1.09,9778.94,-0.1
1581881417.8407567,331.71,0.17,0.18,1917,1.07,9778.95,0.21
1581881448.863417,327.93,0.17,0.18,1905,1.06,9778.98,0.08
1581881478.9772754,327.57,0.17,0.18,1891,1.05,9778.92,0.51
1581881509.807773,328.06,0.17,0.18,1889,1.05,9778.92,0.28
1581881540.4092443,329.99,0.17,0.18,1899,1.06,9777.41,-0.03
1581881570.5559065,332.53,0.17,0.18,1908,1.06,9779.01,-0.35
1581881601.0674627,330.78,0.17,0.18,1901,1.06,9779.05,0.3
1581881631.1323788,331.39,0.17,0.18,1909,1.06,9772.58,-0.02
1581881661.4747417,334.51,0.18,0.18,1905,1.06,9771.85,0.67
1581881691.7925272,337.89,0.18,0.19,1902,1.06,9767.01,0.63
1581881722.3132358,337.2,0.18,0.19,1887,1.05,9765.61,0.41
1581881752.4076848,336.88,0.18,0.19,1892,1.05,9765.05,0.42
1581881783.6601582,339.87,0.18,0.19,1887,1.05,9766.5,0.29
1581881814.8422034,338.21,0.18,0.19,1881,1.05,9763.49,0.35
1581881847.152831,335.7,0.18,0.19,1871,1.04,9762.25,0.32
1581881878.3272185,337.21,0.18,0.19,1871,1.04,9766.25,-0.01
1581881908.463746,339.79,0.18,0.19,1884,1.05,9765,0.26
1581881938.7633977,345.07,0.18,0.2,1877,1.04,9763.69,0.59
1581881970.8671997,341.11,0.18,0.2,1863,1.04,9756.9,0.31
1581882001.3809428,341.19,0.18,0.2,1866,1.04,9761.06,0.43
1581882031.9747467,342.16,0.18,0.2,1860,1.03,9763.32,0.1
1581882064.4166028,340.3,0.18,0.2,1868,1.04,9763.32,0.33
1581882094.474581,334.56,0.18,0.2,1854,1.03,9760.41,0.23
1581882125.6446404,339.45,0.18,0.2,1860,1.03,9756.14,-0.02
1581882156.2330973,336.85,0.18,0.2,1845,1.03,9755.44,0.26
1581882186.5710306,335.11,0.18,0.2,1839,1.02,9750.82,0.51
1581882217.645658,336.62,0.18,0.2,1828,1.02,9749,0.38
1581882248.3368332,339.68,0.19,0.2,1817,1.01,9748.02,0.59
1581882279.1024766,336.27,0.19,0.2,1813,1.01,9741.28,-0.25
1581882309.4894567,332.98,0.18,0.2,1811,1.01,9742.37,-0.08
1581882339.5518057,328.95,0.18,0.2,1800,1,9740,0.2
1581882369.94769,334.15,0.19,0.2,1800,1,9740,0.31
1581882408.36949,333.46,0.19,0.2,1791,1,9740.01,0.87
1581882439.2290967,333.9,0.19,0.2,1794,1,9740.01,0.36
1581882469.8826814,338.03,0.19,0.2,1794,1,9740.01,0.42
1581882500.2209272,338.87,0.19,0.2,1799,1,9731.56,-0.12
1581882530.7833486,341.03,0.19,0.21,1800,1,9730.79,0.26
1581882561.0268052,344.26,0.19,0.21,1812,1.01,9731.56,-0.04
1581882591.9356217,346.42,0.19,0.21,1812,1.01,9722.5,0.16
1581882622.4044166,344.07,0.19,0.2,1809,1.01,9720.92,-0.04
1581882653.2039373,344.67,0.19,0.2,1815,1.01,9718.17,0.06
1581882683.4113212,346.25,0.19,0.2,1822,1.01,9717.01,0.29
1581882716.4621906,340.37,0.19,0.2,1805,1,9713.77,0.03
1581882746.9898539,340.87,0.19,0.2,1798,1,9717.01,0.2
1581882777.3035676,341.16,0.19,0.21,1796,1,9725,-0.26
1581882807.3378837,338.96,0.19,0.21,1789,0.99,9741.76,0.55
1581882838.322333,335.92,0.19,0.2,1780,0.99,9742.54,-0.22
1581882871.7449236,331.72,0.19,0.2,1754,0.98,9740.03,0.14
1581882901.9829392,330.31,0.19,0.2,1763,0.98,9736.37,0.54
1581882933.378353,330.29,0.19,0.2,1766,0.98,9736.37,0.13
1581882964.2798645,332.09,0.19,0.2,1757,0.98,9746,0.59
1581882996.723999,331.29,0.19,0.2,1756,0.98,9746,0.2
1581883026.902041,329.52,0.19,0.2,1762,0.98,9745.59,0.57
1581883057.3134987,333.68,0.19,0.2,1762,0.98,9745.59,0.74
1581883089.8739374,332.16,0.19,0.21,1763,0.98,9746,-0.06
1581883122.5186696,334.06,0.19,0.21,1763,0.98,9758.14,-0.33
1581883154.1568751,332.76,0.19,0.21,1765,0.98,9759.99,0.59
1581883184.2865083,334.64,0.19,0.21,1770,0.98,9766.7,0.17
1581883214.3522794,340.86,0.19,0.21,1796,1,9748.2,-0.29
1581883244.4629507,350.19,0.19,0.21,1835,1.02,9737.46,-0.41
1581883277.913497,356.89,0.19,0.22,1851,1.03,9732.22,0.11
1581883308.3372386,358.09,0.19,0.22,1867,1.04,9738.46,-0.42
1581883338.8765461,358.05,0.19,0.22,1868,1.04,9743.18,0.62
1581883369.2391124,355.16,0.19,0.22,1856,1.03,9744.49,0.25
1581883400.2471855,357.45,0.19,0.23,1863,1.04,9753.81,0.39
1581883430.6643958,355,0.19,0.22,1856,1.03,9751.87,0.29
1581883462.9100392,357.1,0.19,0.22,1859,1.03,9757.74,0.2
1581883493.254899,350.67,0.19,0.22,1848,1.03,9759.99,0.48
1581883524.4198105,346.74,0.19,0.22,1846,1.03,9760,0.25
1581883560.9768298,344.23,0.19,0.22,1827,1.02,9767.68,0.09
1581883591.5870636,345.2,0.19,0.22,1834,1.02,9770,-0.32
1581883621.6350412,347.4,0.19,0.22,1829,1.02,9770,0.13
1581883651.9781072,344.9,0.19,0.22,1825,1.01,9774.71,0.2
1581883682.8164713,341.09,0.19,0.22,1823,1.01,9771.7,0.39
1581883714.1531513,342.9,0.19,0.22,1834,1.02,9771.41,0.26
1581883744.637046,347.41,0.19,0.22,1850,1.03,9772.69,0.71
1581883775.3053882,348.52,0.19,0.22,1849,1.03,9772.21,0.6
1581883805.445312,354.06,0.19,0.23,1852,1.03,9772.6,-0.6
1581883836.6157677,357.78,0.19,0.23,1861,1.03,9759.27,0.53
1581883867.6998599,356.75,0.19,0.23,1854,1.03,9764.72,0.26
1581883899.675494,356.76,0.19,0.23,1857,1.03,9765.53,0.74
1581883930.484288,354.06,0.19,0.23,1852,1.03,9760.01,-0.33
1581883961.4827654,352.3,0.19,0.23,1849,1.03,9756.3,0.79
1581883991.8034275,352.93,0.19,0.22,1850,1.03,9756.3,-0.15
1581884022.3546848,352.83,0.19,0.22,1859,1.03,9756.31,-0.21
1581884055.7652507,354.85,0.19,0.22,1865,1.04,9766.24,0.35
1581884086.1107187,357.94,0.19,0.22,1872,1.04,9766.24,0.59
1581884116.6085408,361.45,0.19,0.23,1868,1.04,9766.29,0.22
1581884147.2039146,363.37,0.19,0.23,1868,1.04,9766.29,0.45
1581884177.5068753,356.93,0.19,0.22,1866,1.04,9766.29,-0.09
1581884208.0059462,357.83,0.19,0.22,1880,1.04,9766.24,0.38
1581884238.2934425,356.51,0.19,0.22,1876,1.04,9766.24,0.15
1581884270.1457362,354.7,0.19,0.21,1871,1.04,9768.99,0.3
1581884300.251163,350.93,0.19,0.21,1872,1.04,9766.27,0.44
1581884332.273583,348.49,0.19,0.21,1863,1.04,9766.25,-0.04
1581884363.1087556,347.88,0.19,0.21,1851,1.03,9766.22,0.14
1581884393.1707678,344,0.19,0.21,1849,1.03,9766.22,-0.08
1581884423.7645648,347.68,0.19,0.21,1851,1.03,9762.16,-0.35
1581884455.4841783,342.71,0.19,0.21,1837,1.02,9766.79,-0.08
1581884485.575722,339.36,0.19,0.21,1819,1.01,9766.79,0.22
1581884517.8895442,337.42,0.19,0.21,1815,1.01,9766.79,0.07
1581884548.291874,336.8,0.19,0.21,1811,1.01,9766.78,0.36
1581884578.3081613,340.55,0.19,0.21,1818,1.01,9766.79,0.36
1581884608.7092993,337.72,0.19,0.21,1817,1.01,9774.99,-0.2
1581884639.1988666,335.54,0.19,0.21,1809,1.01,9771.6,0.07
1581884673.1938882,337.68,0.19,0.21,1817,1.01,9771.1,0.43
1581884704.4754255,336.64,0.19,0.21,1803,1,9773.94,0.13
1581884736.2946315,342.1,0.19,0.22,1814,1.01,9774.99,0.36
1581884767.5562088,340.84,0.19,0.22,1803,1,9774.01,0.07
1581884798.8280911,342.46,0.19,0.22,1799,1,9766.91,0.21
1581884829.2520936,346.78,0.19,0.22,1795,1,9767.76,-0.16
1581884859.8744495,344.66,0.19,0.22,1796,1,9770,0.09
1581884891.9172952,343.45,0.19,0.22,1792,1,9768.69,-0.05
1581884925.7721725,341.98,0.19,0.22,1798,1,9761.89,-0.33
1581884955.9838626,344.81,0.19,0.22,1796,1,9758.67,0.51
1581884987.7423685,344.09,0.19,0.22,1793,1,9766.26,-0.14
1581885018.8042672,339.05,0.19,0.21,1746,0.97,9757.63,0.01
1581885048.862501,332.51,0.19,0.21,1739,0.97,9759.23,0.51
1581885081.3464065,328.66,0.19,0.21,1727,0.96,9757.09,0.14
1581885113.2149162,326.95,0.19,0.21,1710,0.95,9756.91,-0.04
1581885143.4387906,327.34,0.19,0.21,1701,0.95,9756.9,0.59
1581885175.401356,327.33,0.19,0.21,1705,0.95,9755.29,0.58
1581885206.5721464,326.22,0.19,0.21,1692,0.94,9755.29,0.45
1581885237.5700755,328.27,0.19,0.2,1696,0.94,9753.94,0.58
1581885267.6561077,321.3,0.19,0.2,1692,0.94,9747.55,0.32
1581885300.8770037,324.5,0.19,0.2,1695,0.94,9756.72,-0.35
1581885331.209819,328.51,0.19,0.2,1708,0.95,9756.72,0.39
1581885362.096503,328.79,0.19,0.2,1717,0.95,9753.24,0.44
1581885392.688848,327.58,0.19,0.2,1709,0.95,9754.73,0.28
1581885422.7430444,330.67,0.19,0.2,1716,0.95,9754.02,0.18
1581885453.6707742,332.37,0.19,0.2,1719,0.96,9753.18,0.24
1581885483.7099035,331.39,0.19,0.2,1715,0.95,9747.21,-0.14
1581885515.8236506,332.07,0.19,0.2,1713,0.95,9744,-0.07
1581885546.2381685,323.62,0.19,0.2,1692,0.94,9744.87,-0.4
1581885577.2304947,327.13,0.19,0.2,1697,0.94,9745,-0.45
1581885607.5104322,322.08,0.19,0.2,1690,0.94,9751.67,-0.07
1581885638.5343676,318.3,0.19,0.2,1673,0.93,9743.95,0.05
1581885669.417745,321.97,0.19,0.2,1678,0.93,9746.64,0.18
1581885704.0499802,320.24,0.19,0.2,1667,0.93,9742.63,0.13
1581885735.1771207,322.24,0.19,0.2,1656,0.92,9741.3,0.61
1581885767.278155,323.91,0.2,0.2,1656,0.92,9742.93,-0.44
1581885797.6378906,322.78,0.19,0.2,1657,0.92,9751.76,0.13
1581885828.3439336,319.04,0.19,0.2,1652,0.92,9757.12,0.25
1581885858.5046716,316.89,0.19,0.2,1641,0.91,9757.01,0.24
1581885888.5159218,317.63,0.19,0.2,1634,0.91,9757.54,-0.08
1581885919.629345,315.64,0.19,0.2,1647,0.92,9754.72,0.11
1581885950.129919,319.97,0.19,0.2,1644,0.91,9753.94,0.32
1581885980.4541519,322.08,0.2,0.2,1646,0.91,9750.72,0.04
1581886013.8139217,326.39,0.2,0.2,1640,0.91,9751.04,-0.1
1581886044.737381,324.2,0.2,0.2,1629,0.91,9751.02,0.38
1581886079.2299583,325.13,0.2,0.2,1628,0.91,9750.93,0.44
1581886109.5742307,327.63,0.2,0.2,1625,0.9,9753.61,-0.23
1581886140.5252259,327.83,0.2,0.2,1621,0.9,9755,0.24
1581886170.850785,331.49,0.2,0.21,1629,0.91,9759.99,0.28
1581886201.477223,330.92,0.2,0.21,1621,0.9,9770.87,-0.15
1581886231.8434646,327.93,0.2,0.21,1612,0.9,9771.58,0.08
1581886261.9212492,335,0.21,0.21,1627,0.9,9769.09,0.39
1581886292.7820544,336,0.21,0.21,1637,0.91,9773.45,-0.08
1581886323.287401,334.86,0.21,0.21,1630,0.91,9774.98,-0.12
1581886358.3850284,327.13,0.2,0.2,1608,0.89,9777,0.82
1581886389.2525764,327.63,0.2,0.2,1613,0.9,9779.99,-0.05
1581886420.2753336,326.52,0.2,0.2,1609,0.9,9779.8,0.27
1581886452.682226,328.3,0.2,0.2,1609,0.89,9778.19,0.28
1581886486.127238,329.38,0.21,0.2,1604,0.89,9775.01,0.11
1581886516.2474754,330.34,0.21,0.2,1603,0.89,9775.03,0.17
1581886547.4909945,321.57,0.2,0.2,1593,0.89,9768.32,0.17
1581886580.9253821,324.91,0.2,0.2,1603,0.89,9769.61,0.52
1581886614.0540423,321.94,0.2,0.2,1593,0.89,9770.37,0.43
1581886645.6646175,321.32,0.2,0.2,1594,0.89,9777.95,0.24
1581886676.1077077,323.32,0.2,0.2,1600,0.89,9774.54,-0.08
1581886706.6429904,323.25,0.2,0.2,1593,0.89,9774.57,0.57
1581886737.41323,325.37,0.2,0.2,1592,0.89,9780,-0.04
1581886771.2961771,323.16,0.2,0.2,1582,0.88,9779.99,0.18
1581886802.697542,322.97,0.2,0.2,1588,0.88,9780.01,-0.05
1581886834.393498,322.65,0.2,0.2,1613,0.9,9783.53,-0.52
1581886864.521988,326.13,0.2,0.2,1632,0.91,9782.85,0.2
1581886895.7745426,328.79,0.2,0.2,1636,0.91,9780.62,0.36
1581886926.0398524,327.3,0.2,0.2,1640,0.91,9776.23,-0.17
1581886956.1235633,321.68,0.2,0.2,1639,0.91,9779.87,-0.25
1581886986.420836,319.66,0.19,0.2,1647,0.92,9780,-0.01
1581887017.9653802,320.69,0.2,0.2,1643,0.91,9779.62,0.05
1581887048.248438,319.36,0.19,0.2,1652,0.92,9779.62,-0.2
1581887078.651514,318.09,0.19,0.19,1660,0.92,9779.24,0.12
1581887108.7404408,316.97,0.19,0.19,1663,0.92,9780,0.5
1581887139.3100078,314.88,0.19,0.18,1661,0.92,9778.31,0.17
1581887169.5532172,312.98,0.19,0.18,1668,0.93,9776.87,0.37
1581887199.7901947,313.33,0.19,0.18,1667,0.93,9774.55,-0.14
1581887230.8408883,309.73,0.19,0.18,1668,0.93,9764.69,-0.62
1581887267.6237893,306.37,0.18,0.18,1657,0.92,9761.43,-0.04
1581887319.8642273,299.16,0.19,0.18,1605,0.89,9772.08,-0.31
1581887350.9024942,320.87,0.19,0.18,1693,0.94,9770.01,0.58
1581887381.0855072,321.95,0.19,0.18,1697,0.94,9772.97,-0.08
1581887411.2990732,324.76,0.19,0.18,1708,0.95,9770,0.36
1581887442.869557,328.43,0.19,0.18,1728,0.96,9779.6,0.49
1581887475.261301,323.4,0.19,0.18,1721,0.96,9780,-0.04
1581887505.6263628,326.89,0.19,0.18,1736,0.97,9784.61,-0.08
1581887535.6724703,325.78,0.19,0.18,1747,0.97,9782.19,0.46
1581887567.9556959,328.48,0.19,0.18,1746,0.97,9787.15,0.71
1581887598.1785564,334.12,0.19,0.18,1751,0.97,9787.13,0.22
1581887628.2795312,340,0.19,0.19,1763,0.98,9776.74,-0.16
1581887659.8213625,342.27,0.19,0.19,1765,0.98,9776.74,-0.04
1581887691.6303475,344.64,0.19,0.19,1770,0.98,9775.01,0.15
1581887722.6292808,346,0.2,0.2,1766,0.98,9774.88,0.15
1581887752.8865824,343.94,0.19,0.2,1776,0.99,9778.44,-0.46
1581887785.4037406,342.53,0.19,0.2,1762,0.98,9774.88,-0.05
1581887816.196215,339.72,0.19,0.19,1765,0.98,9774.89,0.84
1581887846.9790564,340.42,0.19,0.2,1770,0.98,9774.89,0.29
1581887877.236523,343.81,0.19,0.2,1776,0.99,9774.89,0.69
1581887908.3258345,343.64,0.19,0.19,1774,0.99,9765.37,0.1
1581887938.5936592,347.88,0.19,0.19,1791,1,9765.45,-0.57
1581887971.6014218,351.08,0.19,0.19,1816,1.01,9781.96,-0.19
1581888004.9912884,350.84,0.19,0.19,1813,1.01,9772.75,0.31
1581888036.1172426,353.29,0.19,0.19,1820,1.01,9772.43,-0.08
1581888066.4593375,349.68,0.19,0.19,1820,1.01,9770.01,-0.01
1581888096.9553134,349.01,0.19,0.19,1818,1.01,9766.61,-0.06
1581888127.6665204,350.89,0.19,0.19,1829,1.02,9779.98,-0.12
1581888158.3260052,353.08,0.19,0.19,1847,1.03,9779.98,0.31
1581888188.7261283,356.4,0.19,0.19,1847,1.03,9779.99,0.39
1581888218.8491998,363.19,0.19,0.19,1868,1.04,9779.98,0.35
1581888249.3018138,365.4,0.2,0.19,1871,1.04,9779.99,0.36
1581888280.1630933,362.64,0.19,0.19,1876,1.04,9779.99,0.5
1581888310.4665313,364.38,0.19,0.19,1875,1.04,9777.11,0.11
1581888341.9040403,365.41,0.19,0.19,1876,1.04,9777.12,0.13
1581888372.573917,365.25,0.19,0.19,1888,1.05,9777.12,-0.22
1581888402.6430285,366.63,0.19,0.19,1900,1.06,9777.12,0.12
1581888433.353812,368.86,0.19,0.19,1906,1.06,9783.1,0.31
1581888464.2218027,367.51,0.19,0.19,1902,1.06,9783.49,-0.08
1581888497.858296,369.4,0.19,0.19,1905,1.06,9783.49,0.71
1581888531.5904505,367.53,0.19,0.19,1902,1.06,9783.49,0.03
1581888561.6046844,369.93,0.19,0.19,1914,1.06,9790,0.27
1581888591.8425655,367.93,0.19,0.19,1909,1.06,9789.99,0.2
1581888622.3707561,366.6,0.19,0.19,1880,1.04,9791.62,-0.75
1581888652.5916493,365.54,0.2,0.2,1868,1.04,9791.62,0.25
1581888683.4496872,362,0.19,0.2,1862,1.03,9793.99,0.54
1581888714.913488,366.73,0.2,0.2,1862,1.03,9793.99,0.82
1581888745.69436,367.58,0.2,0.2,1866,1.04,9786.64,0.3
1581888776.030075,372.68,0.2,0.2,1879,1.04,9783.64,0.71
1581888806.306646,374,0.2,0.2,1882,1.05,9790.01,0.58
1581888836.513663,375.93,0.2,0.2,1879,1.04,9775.87,0.29
1581888866.5799878,375.74,0.2,0.2,1868,1.04,9779.36,-0.04
1581888896.6231403,378.81,0.2,0.2,1863,1.04,9781.57,0.26
1581888927.544111,380.03,0.21,0.2,1848,1.03,9779.92,-0.08
1581888963.4370182,387.37,0.21,0.2,1858,1.03,9779.84,0.14
1581888995.333163,390.41,0.21,0.21,1860,1.03,9779.84,0.02
1581889030.9014337,395.85,0.21,0.21,1859,1.03,9783.73,-0.1
1581889061.810448,401.22,0.21,0.2,1882,1.08,9783.73,0.04
1581889096.1917825,407.8,0.21,0.21,1907,1.07,9783.75,-0.18
1581889127.2138746,394.32,0.21,0.21,1842,1.02,9787.72,0.78
1581889160.0375853,390.03,0.21,0.2,1838,1.02,9787.94,-0.05
1581889191.7508283,389.66,0.21,0.2,1833,1.02,9789,0.21
1581889221.8995261,388.03,0.21,0.2,1824,1.01,9792.63,0.45
1581889252.274098,387.5,0.21,0.2,1827,1.02,9793.99,0.08
1581889282.5584128,388.33,0.21,0.2,1839,1.02,9793.99,0.42
1581889313.5109072,389.74,0.21,0.2,1842,1.02,9794.98,0.41
1581889343.7348175,390.65,0.21,0.2,1847,1.03,9796.1,0.37
1581889373.8281715,389.47,0.21,0.2,1845,1.03,9794.63,0.36
1581889404.4147947,386.52,0.21,0.2,1835,1.02,9794.36,0.27
1581889434.4496682,388.44,0.21,0.21,1829,1.02,9792.46,0.6
1581889465.6710544,385.91,0.21,0.21,1823,1.01,9792.46,0.1
1581889496.2801454,385.01,0.21,0.21,1823,1.01,9775.9,0.21
1581889529.3582308,386.67,0.21,0.21,1822,1.01,9776.14,0.57
1581889559.3756351,386.6,0.21,0.21,1820,1.01,9771.89,-0.14
1581889589.8916728,385.79,0.21,0.21,1828,1.02,9778.4,0.21
1581889621.4583008,387.09,0.21,0.21,1822,1.01,9780.47,0.22
1581889651.7840962,385.52,0.21,0.21,1827,1.02,9780.47,-0.08
1581889683.6312566,382.7,0.21,0.2,1828,1.02,9780.99,0.07
1581889713.9633071,381.02,0.21,0.21,1825,1.01,9782.67,-0.25
1581889745.3099172,378.63,0.21,0.2,1819,1.01,9784.13,-0.04
1581889777.4956875,373.2,0.21,0.2,1785,0.99,9784.13,0.32
1581889807.6781518,375.98,0.21,0.2,1798,1,9784.13,0.14
1581889837.9213548,375.94,0.21,0.21,1799,1,9770.01,0.61
1581889868.3756807,377.17,0.21,0.21,1798,1,9774.33,0.34
1581889898.4153578,383.18,0.21,0.21,1802,1,9770.01,0.75
1581889929.1117637,387.71,0.22,0.22,1800,1,9773.42,-0.26
1581889960.4342942,387.81,0.22,0.22,1789,0.99,9775.17,0.82
1581889990.5290444,383.01,0.22,0.22,1774,0.99,9775.17,0.43
1581890020.7350218,376.09,0.21,0.22,1750,0.97,9775.18,0.3
1581890050.9121215,374.81,0.21,0.21,1751,0.97,9775.1,-0.18
1581890083.9066765,375.99,0.22,0.21,1747,0.97,9775.03,0.13
1581890114.9262567,376.83,0.22,0.21,1745,0.97,9775.08,0.25
1581890144.93978,375.54,0.22,0.21,1745,0.97,9777.05,0.39
1581890176.9019384,373.42,0.22,0.21,1723,0.96,9777.06,0.23
1581890207.1408343,374.14,0.22,0.21,1723,0.96,9772.38,-0.32
1581890237.355131,374.74,0.22,0.21,1729,0.96,9772.38,0.17
1581890267.4532282,377.98,0.22,0.21,1727,0.96,9772.37,0.51
1581890298.8435411,378.68,0.22,0.21,1728,0.96,9770.01,-0.04
1581890329.7737298,382.86,0.22,0.22,1730,0.96,9768.01,0.55
1581890360.551441,384.11,0.22,0.22,1727,0.96,9768.01,-0.04
1581890391.0353427,387.6,0.22,0.22,1742,0.97,9768.01,-0.21
1581890421.1323066,392.07,0.22,0.22,1763,0.98,9768.01,0.1
1581890451.3191879,393.77,0.22,0.22,1775,0.99,9768,0.63
1581890481.4350045,403.06,0.22,0.22,1797,1,9768.01,-0.22
1581890511.6850832,403.17,0.22,0.21,1809,1.01,9768.01,0.18
1581890542.6218212,409.75,0.23,0.22,1817,1.01,9765.01,0.25
1581890572.8552146,407.35,0.22,0.21,1816,1.01,9761.17,-0.34
1581890603.308135,408.38,0.23,0.22,1809,1.01,9758,0.48
1581890633.8225327,412.37,0.23,0.23,1816,1.01,9766.31,-0.4
1581890666.3571832,415.74,0.23,0.22,1835,1.02,9764.59,0.43
1581890697.4500375,416.75,0.23,0.23,1835,1.02,9764.59,0.18
1581890730.5836015,416.67,0.23,0.23,1841,1.02,9763.22,0.24
1581890761.3768425,412.97,0.23,0.23,1831,1.02,9763.22,0.48
1581890791.9291725,410.17,0.22,0.22,1838,1.02,9763.22,-0.07
1581890822.958172,407.36,0.22,0.22,1840,1.02,9763.21,0.3
1581890854.4906266,407.44,0.22,0.22,1842,1.02,9763.22,0.71
1581890884.8324394,406.22,0.22,0.22,1841,1.02,9763.22,0.45
1581890917.5556417,405.95,0.22,0.22,1859,1.03,9763.22,-0.04
1581890947.7531927,406.31,0.22,0.22,1861,1.03,9763.22,0.07
1581890978.9359224,405.62,0.22,0.22,1858,1.03,9763.22,0.51
1581891008.9531648,399.68,0.21,0.22,1859,1.03,9763.22,0.32
1581891038.9756,397.13,0.21,0.22,1857,1.03,9765,-0.06
1581891069.1849365,399.41,0.22,0.23,1848,1.03,9768.87,-0.25
1581891100.6397316,398.68,0.22,0.23,1843,1.02,9768.91,-0.08
1581891131.2258513,396.46,0.22,0.23,1840,1.02,9773.08,0.09
1581891161.2468214,392.76,0.21,0.22,1842,1.02,9773.11,0.18
1581891191.276341,387.18,0.21,0.22,1837,1.02,9773.14,0.23
1581891222.6497407,387.37,0.21,0.21,1845,1.03,9779.08,-0.08
1581891254.1521463,382.6,0.21,0.21,1831,1.02,9779.07,-0.14
1581891285.6464765,379.74,0.21,0.21,1834,1.02,9779.01,0.35
1581891316.7182395,377.22,0.21,0.2,1831,1.02,9779.03,0.2
1581891347.443183,376.01,0.21,0.2,1822,1.01,9779.07,0.39
1581891383.9006224,373.31,0.21,0.2,1812,1.01,9779.1,0.1
1581891413.9245853,368.87,0.2,0.2,1811,1.01,9779.09,0.27
1581891444.5245342,367.34,0.2,0.2,1801,1,9779.09,0.07
1581891480.6543303,367.72,0.21,0.21,1787,0.99,9779.09,0.26
1581891510.7257411,375,0.21,0.21,1806,1,9779.09,0.77
1581891542.4381268,375.69,0.21,0.21,1803,1,9779.09,0.4
1581891572.5362656,379.73,0.21,0.21,1818,1.01,9779.13,0.71
1581891603.2358994,378.48,0.21,0.21,1830,1.02,9785.97,-0.41
1581891638.3769712,374.72,0.21,0.2,1826,1.01,9786.26,0.2
1581891669.2833385,371.44,0.2,0.2,1819,1.01,9787.98,-0.3
1581891699.4491274,366.41,0.2,0.2,1813,1.01,9793.61,0.06
1581891731.5281532,365.32,0.2,0.2,1814,1.01,9792.75,0.61
1581891764.7439623,364.19,0.2,0.2,1818,1.01,9798.24,-0.05
1581891795.240044,364.9,0.2,0.2,1827,1.02,9800,0.24
1581891830.1441958,366.55,0.2,0.2,1840,1.02,9801,0.07
1581891860.8993926,365.51,0.2,0.2,1837,1.02,9805.94,0.34
1581891893.8926709,364.47,0.2,0.2,1840,1.02,9807.86,0.5
1581891924.303896,362.07,0.2,0.2,1832,1.02,9809.67,-0.21
1581891956.695155,366.73,0.2,0.2,1839,1.02,9811.92,0.67
1581891987.3647122,363.81,0.2,0.2,1842,1.03,9812.94,-0.08
1581892019.2413013,361.76,0.2,0.2,1836,1.02,9817,0.76
1581892049.8653514,358.27,0.2,0.2,1827,1.02,9817,0.57
1581892082.8740954,354.16,0.19,0.2,1830,1.02,9819.37,0.41
1581892113.0453272,350.14,0.19,0.2,1826,1.02,9817.33,-0.04
1581892143.9224083,347.47,0.19,0.2,1829,1.02,9817.32,0.36
1581892175.3148806,342.43,0.19,0.2,1809,1.01,9818.15,-0.18
1581892205.3559713,339.14,0.19,0.2,1808,1,9816.01,0.48
1581892235.4401126,333.87,0.19,0.2,1764,0.98,9816.94,0.49
1581892268.3867748,329.59,0.19,0.2,1744,0.97,9816.93,0.21
1581892305.729101,320.18,0.19,0.2,1706,0.95,9817.98,0.48
1581892337.9682407,315.6,0.19,0.2,1687,0.94,9818.01,0.07
1581892368.1989844,314.09,0.19,0.2,1674,0.93,9818.37,0.07
1581892399.4382699,312.17,0.19,0.2,1667,0.93,9818.37,0.57
1581892431.4304094,305.75,0.19,0.2,1652,0.92,9843.48,-0.05
1581892462.123175,304.54,0.19,0.2,1639,0.91,9844.89,0.5
1581892493.1116772,301.45,0.18,0.2,1630,0.91,9844.05,0.25
1581892525.1596887,300.01,0.18,0.2,1626,0.9,9832.51,-0.28
1581892557.6777482,298.72,0.18,0.2,1628,0.9,9828.59,-0.06
1581892590.4014874,297.42,0.18,0.2,1616,0.9,9832.69,0.41
1581892620.9491384,299.69,0.19,0.2,1611,0.9,9832.42,-0.01
1581892652.6485872,300.42,0.19,0.2,1599,0.89,9832.42,0.33
1581892683.865848,303.5,0.19,0.2,1601,0.89,9832.42,0.3
1581892717.22488,303.59,0.19,0.21,1584,0.88,9839.7,-0.04
1581892747.418963,302.89,0.19,0.21,1581,0.88,9839.7,-0.08
1581892778.1045434,301.04,0.19,0.21,1577,0.88,9841.71,0.65
1581892809.3344169,301.37,0.19,0.21,1566,0.87,9845,-0.17
1581892841.0811925,303.07,0.2,0.22,1552,0.86,9845,0.69
1581892873.517044,300.16,0.2,0.21,1537,0.85,9855,0.07
1581892903.922561,300.28,0.2,0.22,1534,0.85,9855,0.25
1581892934.7120426,303.38,0.2,0.22,1537,0.85,9849.47,0.7
1581892966.9593797,302.44,0.2,0.23,1524,0.85,9855,0.16
1581892998.9541998,308.18,0.2,0.23,1520,0.84,9854.47,0.65
1581893030.90615,307.56,0.2,0.23,1511,0.84,9854.45,0.2
1581893062.9386852,310.93,0.2,0.23,1522,0.85,9855,0.33
1581893093.5233855,311.02,0.21,0.24,1513,0.84,9856.66,-0.33
1581893124.54705,309.71,0.21,0.24,1505,0.84,9869.47,-0.42
1581893155.5778897,307.89,0.2,0.24,1502,0.83,9869.86,0.17
1581893186.728104,312.47,0.21,0.24,1502,0.83,9870.83,0.71
1581893217.1720026,316.87,0.21,0.24,1513,0.84,9853.5,0.23
1581893248.7959628,319.33,0.21,0.24,1525,0.85,9859.08,-0.04
1581893279.8112583,320.55,0.21,0.24,1546,0.86,9850.01,-0.28
1581893309.9990587,315.6,0.21,0.24,1530,0.85,9855.99,-0.78
1581893341.4182763,312.51,0.21,0.24,1522,0.85,9858.18,0.3
1581893371.5259886,311.41,0.2,0.24,1527,0.85,9858.38,-0.38
1581893402.9666994,305.63,0.2,0.23,1512,0.84,9855.01,0.1
1581893433.6741412,309.01,0.2,0.24,1509,0.84,9859.01,0.35
1581893465.130391,309.73,0.21,0.24,1508,0.84,9859,0.18
1581893495.4416187,308.81,0.21,0.24,1504,0.84,9855,0.45
1581893527.5816891,306.01,0.2,0.23,1508,0.84,9855,-0.14
1581893560.3398442,305.79,0.2,0.23,1514,0.84,9848.5,0.82
1581893595.2408671,304.57,0.2,0.24,1507,0.84,9845.51,0.24
1581893625.9662175,302.37,0.2,0.24,1493,0.83,9839.38,0.5
1581893656.6857727,304.87,0.2,0.23,1494,0.83,9845.71,0.71
1581893687.5634782,305.98,0.21,0.23,1491,0.83,9853.82,0.45
1581893718.3058805,307.18,0.2,0.23,1506,0.84,9853.41,0.03
1581893749.4103389,306.41,0.2,0.23,1499,0.83,9852.33,0.08
1581893779.7667577,307.5,0.2,0.23,1503,0.84,9855.01,-0.11
1581893811.9764402,306.82,0.2,0.23,1500,0.83,9860,0.5
1581893844.7721252,307.32,0.21,0.23,1498,0.83,9863.68,0.69
1581893875.441143,309.58,0.21,0.23,1501,0.83,9863.76,0.5
1581893908.259285,307.68,0.21,0.23,1496,0.83,9867.42,0.06
1581893940.686536,308.25,0.21,0.24,1489,0.83,9873.25,0.26
1581893972.255408,309.33,0.21,0.24,1500,0.83,9874.28,0.5
1581894003.4621575,310.15,0.21,0.24,1500,0.83,9879.76,0.53
1581894036.1019332,312.58,0.2,0.24,1529,0.85,9884.67,0.42
1581894066.4295833,309.91,0.2,0.23,1528,0.85,9887.82,0.12
1581894098.1105933,314.61,0.2,0.23,1545,0.86,9889.01,0.23
1581894129.1535623,314.86,0.2,0.23,1543,0.86,9887,0.65
1581894160.2311795,312.87,0.2,0.23,1549,0.86,9887.01,0.36
1581894190.4456093,310.08,0.2,0.23,1545,0.86,9890.22,0.39
1581894221.6005142,307.55,0.2,0.23,1542,0.86,9892.06,0.35
1581894252.168929,309.19,0.2,0.23,1541,0.86,9892.05,0.18
1581894285.6277966,304.72,0.2,0.23,1532,0.85,9892.21,0.11
1581894317.279021,306.97,0.2,0.23,1533,0.85,9893,0.03
1581894347.3865926,308.78,0.2,0.23,1529,0.85,9906.03,0.46
1581894377.7887537,310.76,0.2,0.23,1527,0.85,9912,-0.14
1581894409.6398642,305.13,0.2,0.23,1514,0.84,9922.76,-0.14
1581894439.9233565,302.86,0.2,0.23,1508,0.84,9922.4,-0.15
1581894472.8452418,300.35,0.2,0.22,1512,0.84,9920.14,0.13
1581894506.1782928,294.95,0.2,0.21,1507,0.84,9915.51,-0.12
1581894536.4222867,295.15,0.2,0.21,1507,0.84,9922.5,-0.07
1581894566.6774006,298.31,0.2,0.21,1509,0.84,9927.22,0.53
1581894597.9547884,299.85,0.2,0.22,1509,0.84,9927.5,0.12
1581894629.1454296,303.74,0.2,0.23,1515,0.84,9922.55,0.24
1581894659.5967276,304.32,0.2,0.23,1515,0.84,9894.17,0.36
1581894692.408635,303.5,0.2,0.22,1512,0.84,9882.01,0.06
1581894722.879867,300.53,0.2,0.22,1508,0.84,9890,0.37
1581894755.3627956,303.03,0.2,0.22,1512,0.84,9885.33,0.41
1581894788.6204083,303.22,0.2,0.21,1514,0.84,9888.2,0.05
1581894818.966221,299.42,0.2,0.21,1516,0.84,9895.11,-0.19
1581894849.3225386,299.4,0.2,0.21,1521,0.85,9891.78,0.18
1581894880.2533457,303.63,0.2,0.21,1531,0.85,9892.99,0.19
1581894910.3328004,302.26,0.2,0.21,1542,0.86,9893.78,0.53
1581894944.8625724,303.75,0.2,0.2,1552,0.86,9897.72,0.77
1581894976.2524102,302.42,0.19,0.2,1562,0.87,9904.99,0.46
1581895007.5078855,300.82,0.19,0.2,1558,0.87,9913.61,0.43
1581895039.423592,298.78,0.19,0.2,1546,0.86,9918.58,0.17
1581895072.99432,297.1,0.19,0.2,1526,0.85,9914.78,0.4
1581895103.6440556,300.35,0.2,0.2,1535,0.85,9915.11,-0.62
1581895135.208023,298.5,0.2,0.2,1530,0.85,9916.01,-0.02
1581895165.3526547,294.26,0.19,0.2,1530,0.85,9916.45,0.74
1581895197.8238037,292.62,0.19,0.2,1516,0.84,9916.02,-0.12
1581895228.2071862,291.85,0.19,0.2,1511,0.84,9912.28,0.22
1581895259.7075236,293.83,0.19,0.2,1521,0.85,9908.67,0.2
1581895290.762597,298.27,0.2,0.2,1523,0.85,9915.84,0.29
1581895321.4615219,300.36,0.2,0.2,1519,0.84,9915.85,0.45
1581895352.6348157,300.77,0.2,0.2,1512,0.84,9920.14,0.66
1581895384.9897518,301.28,0.2,0.2,1518,0.84,9922.53,0.41
1581895416.6156757,303.94,0.2,0.2,1536,0.85,9925.42,-0.2
1581895448.2445874,305.21,0.2,0.2,1542,0.86,9927.91,0.35
1581895480.5364168,307.08,0.2,0.2,1546,0.86,9927.91,0.18
1581895511.3498945,303.66,0.2,0.2,1544,0.86,9930,0.34
1581895542.6957104,305.96,0.2,0.2,1541,0.86,9930.04,-0.49
1581895574.7423215,306.35,0.2,0.2,1547,0.86,9936.43,0.25
1581895605.2776916,302.86,0.2,0.2,1543,0.86,9940.02,0.24
1581895637.870805,302.84,0.2,0.2,1543,0.86,9942.5,0.45
1581895667.8900032,302.33,0.2,0.21,1539,0.86,9954.99,-0.25
1581895700.6207273,305.8,0.2,0.2,1548,0.86,9953.26,-0.3
1581895732.4045577,305.7,0.2,0.2,1548,0.86,9966.25,0.04
1581895764.9303448,301.2,0.19,0.2,1549,0.86,9974.58,0.67
1581895797.134945,302.66,0.2,0.2,1541,0.86,9971.1,0.25
1581895827.975412,298.45,0.2,0.2,1509,0.84,9970.88,-0.15
1581895859.2457082,298.75,0.2,0.2,1508,0.84,9969.51,-0.05
1581895889.4670568,294.31,0.2,0.2,1495,0.83,9968.91,0.76
1581895920.1395364,296.34,0.2,0.2,1505,0.84,9947.47,0.65
1581895951.3694603,302.84,0.2,0.2,1516,0.84,9947.16,0.2
1581895982.113611,303.94,0.2,0.21,1515,0.84,9954.56,0.48
1581896013.465842,305.82,0.2,0.21,1527,0.85,9948.55,0.35
1581896044.7453701,307.86,0.2,0.21,1527,0.85,9955.02,-0.03
1581896075.769312,310.33,0.2,0.21,1535,0.85,9950.39,-0.22
1581896106.117525,309.02,0.2,0.22,1536,0.85,9950.37,0.33
1581896139.9959052,307.52,0.2,0.21,1537,0.85,9936.02,-0.2
1581896170.4893727,304.57,0.2,0.21,1542,0.86,9940.34,0.35
1581896200.5383637,306.35,0.2,0.21,1545,0.86,9938.99,-0.05
1581896231.3427901,305.59,0.2,0.2,1548,0.86,9954.86,0.43
1581896261.8628168,301.53,0.2,0.2,1527,0.85,9945.31,-0.03
1581896295.517447,304.25,0.2,0.21,1533,0.85,9953.29,0.18
1581896326.2042534,303.82,0.2,0.21,1524,0.85,9957.72,0.36
1581896357.2876146,305.39,0.2,0.22,1525,0.85,9957.86,0.87
1581896387.4263124,302.92,0.2,0.2,1523,0.85,9959.33,0.06
1581896420.3541546,300.07,0.2,0.2,1515,0.84,9959.01,0.22
1581896451.6948879,299.77,0.2,0.2,1516,0.84,9952.26,-0.05
1581896482.6504471,302.02,0.2,0.2,1514,0.84,9954.01,0.71
1581896518.3567183,299.65,0.2,0.2,1503,0.84,9954.95,-0.08
1581896549.9799354,297.5,0.2,0.2,1492,0.83,9955.87,0.71
1581896582.6931336,294.16,0.2,0.2,1489,0.83,9967.05,0.09
1581896615.8984153,296.53,0.2,0.2,1498,0.83,9967.06,-0.49
1581896648.6890132,295.96,0.2,0.2,1490,0.83,9964.53,0.4
1581896680.0773497,291.39,0.2,0.2,1479,0.82,9968.81,0.27
1581896715.1257083,293.05,0.2,0.2,1464,0.81,9971.43,-0.15
1581896746.174181,296,0.2,0.2,1464,0.81,9975.99,-0.15
1581896777.3642826,296.74,0.2,0.21,1450,0.81,9976,0.2
1581896807.9476495,298.09,0.21,0.22,1446,0.8,9983.26,-0.31
1581896838.0162718,299.83,0.21,0.22,1452,0.81,10002,0.29
1581896869.3926325,300.29,0.21,0.22,1463,0.81,9977.34,-0.05
1581896900.3379347,301.34,0.2,0.22,1472,0.82,9992.29,0.51
1581896931.8384368,305.19,0.21,0.23,1476,0.82,9987.5,0.26
1581896962.3824556,305.07,0.21,0.23,1461,0.81,9989.16,0.22
1581896993.2908974,309.43,0.21,0.24,1468,0.82,10004.46,0.49
1581897023.6405363,314.19,0.21,0.24,1478,0.82,10001.3,0.18
1581897055.3570905,314.13,0.21,0.24,1486,0.83,9990,0.25
1581897086.182792,313.8,0.21,0.23,1483,0.82,9989.91,0.27
1581897117.5044088,313.67,0.21,0.23,1485,0.83,9990,0.11
1581897148.435857,314.66,0.21,0.24,1483,0.82,9983.62,-0.19
1581897178.895471,316.66,0.21,0.24,1477,0.82,9986.02,-0.14
1581897210.3737154,313.99,0.21,0.24,1465,0.81,9985.58,0.59
1581897243.4727948,310.99,0.21,0.24,1454,0.81,9975.44,-0.14
1581897275.5688262,312.6,0.21,0.24,1459,0.81,9983.89,0.1
1581897306.0098336,312.53,0.21,0.24,1458,0.81,9983.79,0.21
1581897340.8700192,310.92,0.21,0.24,1462,0.81,9977.54,0.45
1581897371.3026745,310.99,0.21,0.24,1458,0.81,9971.94,-0.07
1581897401.5564904,312.53,0.21,0.24,1460,0.81,9973.73,0.49
1581897432.2010262,310.83,0.21,0.24,1446,0.8,9970,-0.02
1581897462.78681,309.91,0.22,0.24,1435,0.8,9954.94,0.4
1581897493.318899,308.9,0.22,0.24,1425,0.79,9943.27,0.03
1581897523.6567156,311.59,0.22,0.24,1440,0.8,9940.24,0.84
1581897557.1632292,312.23,0.22,0.24,1433,0.8,9941.64,0.45
1581897588.3677535,311.08,0.22,0.23,1435,0.8,9927.27,0.12
1581897618.4221885,308.19,0.21,0.22,1470,0.82,9925,0.84
1581897648.8087156,308.1,0.21,0.22,1488,0.83,9894.98,0.08
1581897681.7753737,318.94,0.21,0.23,1502,0.83,9908.15,0.58
1581897714.2855296,317.49,0.21,0.23,1504,0.84,9921.38,0.22
1581897745.6007915,311.54,0.21,0.23,1490,0.83,9920.15,0.53
1581897775.748981,311.26,0.21,0.23,1480,0.82,9925.01,0.67
1581897806.0578325,313.26,0.21,0.23,1479,0.82,9933.18,0.14
1581897840.0649273,313.71,0.21,0.23,1480,0.82,9934.02,0.79
1581897874.6202364,314.35,0.21,0.23,1476,0.82,9943.27,0.79
1581897907.514209,311.16,0.21,0.23,1471,0.82,9939.42,0.42
1581897939.332935,309.76,0.21,0.23,1482,0.82,9929.01,0.06
1581897970.69203,308.15,0.21,0.23,1468,0.82,9955.15,0.26
1581898000.9331024,307.09,0.21,0.23,1466,0.82,9960.71,0.66
1581898033.6091614,306.45,0.21,0.23,1454,0.81,9949.54,-0.2
1581898064.3011875,303.37,0.21,0.23,1464,0.81,9951.06,-0.42
1581898096.2212048,302.37,0.21,0.23,1474,0.82,9959.14,0.41
1581898130.6160953,306.29,0.21,0.23,1489,0.83,9949.48,-0.31
1581898160.8421285,310.38,0.21,0.23,1500,0.83,9952.8,-0.03
1581898192.164833,308.17,0.21,0.23,1499,0.83,9943.79,-0.05
1581898223.9366317,309.48,0.21,0.23,1509,0.84,9942.08,0.15
1581898255.4911275,308.83,0.21,0.23,1504,0.84,9931.01,0.74
1581898285.9531913,306.61,0.2,0.23,1507,0.84,9935.43,0.47
1581898317.2401638,304.52,0.2,0.23,1515,0.84,9932.27,0.26
1581898348.7529616,306.57,0.2,0.23,1522,0.85,9929.01,0.09
1581898378.9437473,308.01,0.2,0.23,1527,0.85,9925.01,0.12
1581898411.3532858,307.06,0.2,0.23,1531,0.85,9922.55,0.25
1581898441.536662,312.09,0.2,0.23,1546,0.86,9913.72,0.41
1581898472.4877286,314.34,0.2,0.23,1556,0.86,9922.55,0.36
1581898503.4370255,309.47,0.2,0.23,1551,0.86,9920.02,0.3
1581898535.3899643,308.87,0.2,0.23,1559,0.87,9920.01,-0.17
1581898565.4020116,308.52,0.2,0.22,1561,0.87,9914.01,0.84
1581898596.144251,305.91,0.2,0.21,1565,0.87,9905.01,0.12
1581898627.6435604,306.47,0.2,0.21,1560,0.87,9905,0.48
1581898658.504673,300.27,0.19,0.21,1544,0.86,9903.98,-0.15
1581898688.6112494,299.26,0.2,0.21,1530,0.85,9914.63,0.2
1581898718.9077725,298.15,0.19,0.21,1533,0.85,9922.85,0.1
1581898753.0469701,298.73,0.19,0.21,1538,0.85,9928.01,0.35
1581898785.3036644,295.56,0.19,0.21,1532,0.85,9932.66,0.26
1581898815.665452,297.79,0.19,0.21,1528,0.85,9928.01,0.41
1581898849.277804,294.79,0.2,0.21,1511,0.84,9928.01,0.71
1581898881.786275,292.6,0.19,0.21,1507,0.84,9925,0.65
1581898912.7004125,293.17,0.19,0.21,1508,0.84,9925.29,0.25
1581898944.271486,295.06,0.2,0.21,1500,0.83,9924.97,0.59
1581898975.2128437,293.48,0.19,0.21,1507,0.84,9927.51,0.45
1581899006.305198,294.29,0.19,0.21,1514,0.84,9924.98,-0.04
1581899038.6929653,295.57,0.19,0.21,1516,0.84,9928.03,0.41
1581899070.0124533,294.56,0.19,0.2,1512,0.84,9930.02,0.07
1581899102.7709298,295.75,0.2,0.2,1512,0.84,9928.29,0.64
1581899134.1298378,298.28,0.2,0.21,1514,0.84,9929.75,0.25
1581899164.7295053,297.06,0.2,0.2,1522,0.85,9924.97,0.57
1581899195.257873,301.1,0.2,0.21,1536,0.85,9920,-0.62
1581899225.4236798,306.34,0.2,0.21,1544,0.86,9914.87,0.86
1581899256.1502297,306.69,0.2,0.21,1550,0.86,9914.41,0.44
1581899286.8329308,305.21,0.2,0.21,1551,0.86,9914.31,-0.08
1581899317.3186646,302.71,0.2,0.21,1531,0.85,9910.01,-0.33
1581899347.7321928,303.69,0.2,0.21,1531,0.85,9916.57,0.2
1581899378.934156,304.9,0.2,0.21,1540,0.86,9918.43,-0.29
1581899408.972002,309.09,0.2,0.21,1518,0.84,9922.01,0.1
1581899439.1503181,311.54,0.21,0.22,1502,0.84,9918.78,0.24
1581899469.777513,305.09,0.21,0.21,1485,0.83,9915.01,0.13
1581899500.7163448,301.44,0.21,0.21,1466,0.81,9910.42,0.18
1581899531.2156334,302.49,0.21,0.21,1463,0.81,9908.34,0.25
1581899561.9250205,301.07,0.21,0.21,1464,0.81,9910.97,0.11
1581899592.9601605,301,0.2,0.21,1477,0.82,9910.97,0.12
1581899623.4230988,299.82,0.2,0.21,1477,0.82,9905.17,0.2
1581899653.5094445,296.06,0.2,0.21,1476,0.82,9907.51,0.27
1581899684.6621234,297.8,0.2,0.21,1470,0.82,9909.8,0.41
1581899715.94254,299.65,0.21,0.21,1459,0.81,9910.74,0.75
1581899747.007871,305.44,0.21,0.21,1461,0.81,9909.6,0.68
1581899777.877917,309.8,0.21,0.21,1473,0.82,9899,-0.3
1581899807.917817,307.82,0.21,0.21,1474,0.82,9899.99,0.65
1581899839.5929456,307.74,0.21,0.21,1474,0.82,9900,0.02
1581899870.138684,311.73,0.21,0.21,1461,0.81,9900,-0.37
1581899900.7220778,311.13,0.21,0.21,1451,0.81,9904.47,0.18
1581899940.0956573,302.31,0.21,0.21,1421,0.79,9901.03,0.5
1581899971.1246958,301.57,0.21,0.21,1414,0.79,9898.73,-0.08
1581900003.30768,297.22,0.21,0.21,1414,0.79,9907.12,-0.21
1581900036.2700677,295.55,0.21,0.21,1402,0.78,9899.86,-0.42
1581900068.111387,294.59,0.21,0.21,1404,0.78,9893.78,-0.43
1581900099.187422,299.72,0.21,0.21,1403,0.78,9878.03,0.3
1581900130.6650512,297.61,0.21,0.21,1395,0.78,9886.28,0.07
1581900163.4934032,295.72,0.21,0.21,1387,0.77,9871.72,0.24
1581900193.5879912,293.15,0.21,0.21,1373,0.76,9862.92,0.72
1581900223.7949476,288.73,0.21,0.21,1355,0.75,9861.81,0.34
1581900255.2013867,284.15,0.21,0.21,1341,0.75,9878.17,0.61
1581900285.8463051,286.37,0.21,0.21,1337,0.74,9887.96,0.34
1581900317.1012132,285.15,0.21,0.21,1344,0.75,9888.91,-0.52
1581900348.1404212,286.17,0.21,0.21,1342,0.75,9876.91,-0.08
1581900378.3737857,282.95,0.21,0.21,1335,0.74,9884.26,-0.3
1581900408.53419,279.2,0.21,0.21,1325,0.74,9882.54,-0.24
1581900439.0502117,276.18,0.21,0.21,1327,0.74,9878.29,0.3
1581900471.8832996,279.73,0.21,0.21,1334,0.74,9877.83,0.44
1581900503.446288,279.59,0.21,0.21,1330,0.74,9877.72,0.36
1581900534.2302265,281.17,0.21,0.21,1333,0.74,9880.49,0.8
1581900564.3864658,279.76,0.21,0.21,1329,0.74,9888.51,0.44
1581900597.3681362,279.75,0.21,0.21,1322,0.73,9897.73,0.29
1581900629.1518493,276.04,0.21,0.21,1321,0.74,9886.01,0.7
1581900659.7764742,274.62,0.21,0.21,1329,0.74,9895.16,0.11
1581900690.1624768,272.67,0.2,0.21,1336,0.74,9890.05,-0.07
1581900722.1326342,270.66,0.2,0.21,1327,0.74,9890.04,-0.1
1581900753.0638509,268.67,0.2,0.2,1331,0.74,9892.34,0.1
1581900783.4499276,270.13,0.2,0.21,1330,0.74,9891.67,0.1
1581900814.5300531,270.75,0.2,0.21,1329,0.74,9877.79,0.04
1581900845.3539102,271.16,0.2,0.2,1336,0.74,9881.45,0.82
1581900875.4781814,268.18,0.2,0.21,1330,0.74,9883.2,-0.11
1581900907.183463,269,0.2,0.2,1331,0.74,9884.05,0.25
1581900937.3867826,265.2,0.2,0.2,1320,0.73,9880.03,0.66
1581900972.67545,261.31,0.2,0.21,1295,0.72,9884.46,0.18
1581901002.9928973,259.91,0.2,0.2,1290,0.72,9877.57,0.18
1581901039.7742057,255.89,0.2,0.2,1284,0.71,9878.03,0.32
1581901069.977256,257.06,0.2,0.2,1283,0.71,9872.01,0.44
1581901100.7740216,257.69,0.2,0.2,1283,0.71,9872.01,-0.17
1581901132.362619,260.34,0.2,0.2,1290,0.72,9866,0.18
1581901162.9590192,259.69,0.2,0.2,1283,0.71,9869.85,0.1
1581901193.276998,257.76,0.2,0.2,1281,0.71,9869.62,0.18
1581901223.299764,255.78,0.2,0.2,1298,0.72,9866.2,-0.06
1581901255.210426,255.18,0.2,0.2,1296,0.72,9860.2,0.16
1581901285.8585007,254.44,0.19,0.2,1309,0.73,9861.82,-0.3
1581901316.8807535,253.94,0.19,0.2,1325,0.74,9847.52,-0.1
1581901348.9587147,253.75,0.19,0.2,1319,0.73,9863.77,-0.04
1581901381.031671,253.15,0.19,0.2,1319,0.73,9860.7,0.07
1581901412.1168115,250.02,0.19,0.2,1304,0.72,9855.17,-0.33
1581901442.7687974,246.76,0.19,0.2,1294,0.72,9860,0.53
1581901477.400792,242.99,0.19,0.19,1282,0.72,9868.7,0.16
1581901507.6535475,243.97,0.19,0.19,1290,0.72,9866.43,0.2
1581901537.7154222,243.43,0.19,0.19,1287,0.72,9873.55,0.06
1581901568.111803,242.4,0.19,0.19,1281,0.71,9874.52,0.15
1581901598.1555548,243.49,0.19,0.18,1290,0.72,9875,0.62
1581901628.306605,244.57,0.19,0.18,1295,0.72,9875,0.76
1581901659.3655858,245.11,0.19,0.18,1305,0.73,9873.56,-0.03
1581901691.6803043,247.02,0.19,0.18,1317,0.73,9885.53,-0.23
1581901723.1250298,248.5,0.19,0.18,1329,0.74,9888.94,-0.11
1581901755.4130654,249.47,0.19,0.18,1339,0.74,9892,-0.2
1581901786.381949,246.24,0.19,0.18,1331,0.74,9890.52,0.11
1581901818.724322,245.55,0.18,0.18,1329,0.74,9886.91,-0.06
1581901849.06608,241.85,0.18,0.18,1331,0.74,9894.04,0.41
1581901881.6360397,237.93,0.18,0.18,1333,0.74,9896.07,0.39
1581901912.748746,236.66,0.18,0.18,1343,0.75,9900,0.46
1581901942.9202769,236.18,0.18,0.18,1340,0.75,9899.99,0.55
1581901974.2243173,235.55,0.18,0.18,1338,0.74,9900,0.67
1581902005.1809525,236.93,0.18,0.18,1346,0.75,9904.23,-0.04
1581902035.7550335,239.8,0.18,0.18,1355,0.75,9904.46,0.3
1581902066.8416445,239.94,0.18,0.18,1351,0.75,9901.12,0.28
1581902104.3759186,236.98,0.18,0.18,1342,0.75,9901.9,0.17
1581902134.994012,240.58,0.18,0.18,1338,0.74,9900.16,0.12
1581902167.665579,241.78,0.18,0.18,1336,0.74,9900.14,0.26
1581902197.7035806,244.18,0.18,0.18,1344,0.75,9886.39,0.66
1581902228.3561492,242.96,0.18,0.18,1333,0.74,9880.46,0.19
1581902262.4917238,238.37,0.18,0.18,1321,0.73,9879.63,0.43
1581902292.6255243,237.92,0.18,0.18,1322,0.73,9875.82,0.35
1581902323.0839622,234.9,0.18,0.18,1325,0.74,9877.07,0.39
1581902353.5939915,235.1,0.18,0.18,1329,0.74,9882.71,0.45
1581902386.202592,233.69,0.18,0.18,1334,0.74,9885.82,0.28
1581902417.033194,231.87,0.17,0.18,1335,0.74,9883.77,0.45
1581902448.9955246,232.36,0.17,0.18,1333,0.74,9886.01,-0.07
1581902480.9084911,230.49,0.17,0.18,1324,0.74,9879.79,0.18
1581902511.3049557,232,0.18,0.18,1324,0.74,9879.01,-0.02
1581902541.7607589,231.17,0.17,0.18,1324,0.74,9875.16,0.1
1581902573.4259603,227.54,0.17,0.18,1325,0.74,9875.01,0.52
1581902603.595362,225.98,0.17,0.18,1316,0.73,9887.04,0.16
1581902636.2466562,224.82,0.17,0.18,1308,0.73,9889.76,0.26
1581902668.6085572,224.7,0.17,0.18,1303,0.72,9887.43,0.38
1581902698.668574,219.46,0.17,0.18,1295,0.72,9890.96,0.69
1581902729.645872,219.51,0.17,0.18,1292,0.72,9891.19,0.17
1581902761.0875053,222.77,0.17,0.18,1293,0.72,9893.01,0.18
1581902792.523446,220.91,0.17,0.18,1292,0.72,9892.97,0.24
1581902822.5976737,218.44,0.17,0.18,1292,0.72,9894.57,0.42
1581902854.7662714,216.87,0.17,0.17,1291,0.72,9897.85,0.92
1581902885.899843,216.67,0.17,0.17,1298,0.72,9900.55,-0.24
1581902919.429718,211.09,0.16,0.17,1285,0.71,9904.63,0.06
1581902949.9034765,208.46,0.16,0.17,1278,0.71,9905.54,0.51
1581902982.4830706,208.84,0.16,0.17,1279,0.71,9910.75,-0.01
1581903013.9093292,203.03,0.16,0.17,1254,0.7,9913.22,-0.21
1581903048.5946646,201.11,0.16,0.17,1233,0.69,9907.7,0.09
1581903080.4907894,200.97,0.16,0.17,1220,0.68,9896.49,0.36
1581903111.9128199,202.03,0.17,0.18,1204,0.67,9902.04,0.73
1581903143.986767,202.62,0.17,0.18,1203,0.67,9907.49,0.25
1581903174.6995525,200.34,0.17,0.18,1208,0.67,9912.43,0.37
1581903206.790129,196.56,0.16,0.17,1204,0.67,9912.43,0.15
1581903237.7500875,198.8,0.16,0.17,1209,0.67,9912.43,-0.17
1581903268.328708,199.61,0.16,0.17,1228,0.68,9912.42,-0.04
1581903298.8888965,196.79,0.16,0.17,1232,0.68,9912.42,-0.58
1581903329.6599562,193.73,0.16,0.17,1241,0.69,9910,0.51
1581903361.3761094,191.52,0.15,0.16,1238,0.69,9904.87,-0.34
1581903393.0708418,187.9,0.15,0.17,1222,0.68,9904.87,0.69
1581903425.7390382,187.32,0.15,0.17,1227,0.68,9904.87,0.25
1581903456.1539922,185.73,0.15,0.17,1211,0.67,9904.87,0.24
1581903486.801548,184.52,0.15,0.17,1203,0.67,9904.86,-0.17
1581903517.460012,183.09,0.15,0.17,1194,0.66,9904.87,-0.15
1581903547.97542,187.11,0.16,0.17,1195,0.66,9906.78,0.35
1581903578.6567328,195.17,0.16,0.17,1208,0.67,9900.3,-0.09
1581903610.31646,195.83,0.16,0.17,1210,0.67,9907.06,-0.11
1581903643.9301698,198.88,0.17,0.18,1203,0.67,9907.06,0.23
1581903690.151282,193.14,0.16,0.17,1176,0.65,9907.06,-0.55
1581903721.9620113,202.23,0.17,0.18,1208,0.67,9901.31,0.44
1581903752.2140374,203.7,0.17,0.18,1213,0.67,9901.29,0.17
1581903786.6344733,202.05,0.17,0.18,1207,0.67,9901.29,0.35
1581903817.6878989,206.3,0.17,0.18,1214,0.68,9900.01,0.18
1581903848.7052205,204.16,0.17,0.18,1211,0.67,9900,0.07
1581903881.766929,203.05,0.17,0.18,1207,0.67,9894.08,0.25
1581903917.4435165,197.52,0.17,0.18,1193,0.66,9892.97,0.34
1581903948.8236651,197.45,0.17,0.18,1190,0.66,9888.56,0.08
1581903979.3765416,196.86,0.17,0.18,1187,0.66,9892.79,0.18
1581904009.7745192,197.74,0.17,0.18,1186,0.66,9884.08,0.2
1581904042.0009549,199.02,0.17,0.18,1183,0.66,9883.59,0.41
1581904073.6073737,198.29,0.17,0.18,1178,0.66,9880.72,0.43
1581904107.1795902,199.16,0.17,0.18,1183,0.66,9880.01,-0.04
1581904138.1223378,201.39,0.17,0.18,1181,0.66,9878.53,0.26
1581904168.1845167,202.54,0.17,0.18,1176,0.66,9877.51,0.57
1581904198.7226171,204.04,0.17,0.18,1183,0.66,9870,-0.11
1581904233.8411186,203.56,0.17,0.18,1176,0.65,9873.9,0.45
1581904265.3396816,211.32,0.18,0.18,1178,0.65,9873.47,0.29
1581904298.4249833,212.13,0.18,0.18,1184,0.66,9874.42,0.41
1581904329.0843043,212.51,0.18,0.18,1186,0.66,9874.42,0.25
1581904362.1958091,212.4,0.18,0.18,1174,0.65,9874.42,-0.08
1581904394.2621875,212.02,0.18,0.18,1174,0.65,9874.42,-0.26
1581904426.0786536,211.84,0.18,0.18,1175,0.65,9874.42,0.26
1581904456.4462538,208.66,0.18,0.18,1171,0.65,9868.32,0.26
1581904487.4117224,208.84,0.18,0.18,1170,0.65,9858.7,0.22
1581904517.4286134,205.18,0.18,0.18,1171,0.65,9869.07,0.14
1581904549.0390217,207.39,0.18,0.18,1183,0.66,9867.36,0.08
1581904582.2628243,208.79,0.18,0.18,1190,0.66,9867.88,0.36
1581904612.3365488,211.35,0.18,0.18,1195,0.66,9866.43,0.03
1581904643.8531113,215.23,0.18,0.18,1201,0.67,9866.42,0.71
1581904677.2754467,214.61,0.18,0.18,1199,0.67,9866.43,0.08
1581904707.3092215,219.92,0.18,0.19,1210,0.67,9871.24,-0.04
1581904739.6929252,222.53,0.18,0.19,1210,0.67,9871.23,0.26
1581904772.9113069,223.41,0.18,0.19,1208,0.67,9866.42,0.43
1581904804.8275573,224.4,0.18,0.19,1222,0.68,9863.76,0.02
1581904835.258919,227.43,0.18,0.19,1254,0.7,9856.17,-0.09
1581904865.9012504,238.14,0.19,0.2,1279,0.71,9837.78,0.72
1581904898.78795,240.82,0.19,0.2,1293,0.72,9839.93,-0.08
1581904932.1848614,236.47,0.18,0.19,1292,0.72,9839.59,0.25
1581904963.3643327,235.58,0.18,0.18,1297,0.72,9847.61,0.21
1581904994.4649403,240.57,0.18,0.19,1302,0.72,9848.37,0.92
1581905025.5385113,243.42,0.19,0.2,1312,0.73,9854.99,-0.22
1581905056.9791582,250.65,0.19,0.2,1311,0.73,9852.2,0.23
1581905087.778598,248.3,0.19,0.2,1300,0.72,9855.19,0.23
1581905118.4779258,248.7,0.19,0.21,1287,0.72,9853.04,0.17
1581905149.2300277,250.4,0.19,0.21,1287,0.72,9849.51,0.08
1581905180.5377936,253.21,0.19,0.21,1306,0.73,9854.99,0.18
1581905210.854376,259.29,0.2,0.22,1304,0.72,9850.46,0.37
1581905244.0658042,259.13,0.2,0.22,1308,0.73,9849.29,-0.07
1581905275.585214,256.76,0.2,0.22,1301,0.72,9851.12,0.1
1581905307.9657643,260.23,0.2,0.22,1305,0.73,9851.12,0.08
1581905338.697192,261.62,0.2,0.22,1309,0.73,9856,0.83
1581905371.9260702,258.27,0.2,0.21,1308,0.73,9861.75,-0.26
1581905405.5273893,261.08,0.2,0.22,1308,0.73,9856.68,-0.09
1581905437.6699321,264.27,0.2,0.22,1319,0.73,9847.28,0.26
1581905467.8579042,269.53,0.2,0.22,1342,0.75,9850.82,0.46
1581905497.8958519,266.58,0.2,0.22,1330,0.74,9850.82,0.07
1581905531.894062,262.39,0.2,0.21,1322,0.74,9842.65,0.32
1581905563.5113416,263.97,0.2,0.21,1332,0.74,9840.35,0.13
1581905593.9846876,265.19,0.2,0.21,1338,0.74,9837.77,-0.23
1581905628.1837919,260.56,0.2,0.21,1334,0.74,9818.08,0.01
1581905658.3679893,262.24,0.2,0.21,1344,0.75,9823.72,-0.34
1581905689.8044865,266.65,0.2,0.21,1355,0.76,9826.2,0.57
1581905719.90579,269.46,0.2,0.21,1370,0.76,9833.41,0.31
1581905750.8050315,268.92,0.2,0.22,1376,0.76,9827.93,0.29
1581905783.1047122,263.69,0.19,0.21,1371,0.76,9830.14,0.11
1581905813.4131763,262.16,0.19,0.21,1367,0.76,9828.87,-0.3
1581905846.921615,261.51,0.19,0.21,1377,0.77,9824.32,-0.46
1581905877.4252567,260.65,0.19,0.21,1376,0.76,9817.59,0.18
1581905908.0933857,261.43,0.19,0.21,1374,0.76,9814.21,0.12
1581905938.2809825,261.13,0.19,0.21,1367,0.76,9824.05,0.26
1581905970.3090487,261.63,0.19,0.21,1372,0.76,9815.98,-0.28
1581906002.4059775,262.34,0.19,0.21,1367,0.76,9821.35,-0.01
1581906032.518297,266.78,0.19,0.22,1377,0.77,9815.01,0.29
1581906065.4747279,261.65,0.19,0.21,1365,0.76,9810.86,0.08
1581906095.9308882,260.4,0.19,0.21,1368,0.76,9817.18,0.15
1581906126.0707543,261.01,0.19,0.21,1381,0.77,9822.63,0.29
1581906158.0269656,260.02,0.19,0.21,1383,0.77,9834.5,0.33
1581906193.5219674,258.53,0.19,0.21,1375,0.76,9838.97,0.26
1581906223.6654205,256.66,0.19,0.21,1376,0.77,9842.5,0.7
1581906253.9157934,259.23,0.19,0.21,1383,0.77,9842.5,0.7
1581906285.5287943,264.24,0.19,0.22,1393,0.77,9842.5,0.86
1581906317.46164,267.43,0.19,0.23,1389,0.77,9845,0.16
1581906348.6247578,266.94,0.19,0.23,1382,0.77,9851.24,0.24
1581906380.7770793,266.45,0.19,0.23,1383,0.77,9857.38,0.27
1581906412.725213,266.66,0.19,0.23,1378,0.77,9850.46,-0.6
1581906443.5530972,265.08,0.19,0.23,1371,0.76,9853.43,0.8
1581906473.6048148,265.41,0.19,0.23,1376,0.77,9849.81,-0.03
1581906504.7240577,265.94,0.19,0.23,1372,0.76,9846.8,0.33
1581906535.3597054,264.77,0.19,0.23,1377,0.77,9849.04,0.27
1581906565.4183095,267.18,0.19,0.23,1392,0.77,9848.05,-0.18
1581906596.557968,268.09,0.19,0.23,1393,0.77,9840.01,0.23
1581906629.311804,270.39,0.2,0.23,1364,0.76,9837.59,-0.04
1581906660.2359316,259.17,0.19,0.23,1342,0.75,9840.56,-0.09
1581906690.5239253,258.41,0.19,0.23,1345,0.75,9846.73,0.37
1581906720.77433,258.66,0.19,0.23,1342,0.75,9851,0.17
1581906752.3024356,262.52,0.2,0.23,1337,0.74,9844.55,0.25
1581906784.241066,263.94,0.2,0.23,1345,0.75,9844.02,0.17
1581906817.6991246,264.76,0.2,0.23,1339,0.74,9846.54,-0.04
1581906848.062524,261.61,0.2,0.23,1335,0.74,9848,0.33
1581906881.4149556,263.82,0.2,0.23,1341,0.75,9849.72,0.71
1581906913.800173,265.52,0.2,0.23,1332,0.74,9847.12,0.14
1581906943.897897,268.29,0.2,0.23,1343,0.75,9848.11,-0.16
1581906975.4427052,267.06,0.2,0.23,1335,0.74,9848.79,-0.06
1581907005.6519067,262.64,0.2,0.23,1334,0.74,9847.12,0.21
1581907037.0955288,258.08,0.19,0.23,1334,0.74,9837.5,0.26
1581907067.5744188,263.39,0.19,0.23,1353,0.75,9835,0.27
1581907097.5965393,261.76,0.19,0.23,1351,0.75,9831.52,0.46
1581907128.8741152,263.48,0.19,0.23,1354,0.75,9831.38,0.66
1581907160.4485528,264.41,0.2,0.23,1350,0.75,9833.5,0.67
1581907191.4429145,261.35,0.19,0.23,1342,0.75,9827.51,0.51
1581907222.5161932,257.39,0.19,0.23,1343,0.75,9827.51,0.06
1581907253.3067431,255.04,0.19,0.23,1336,0.74,9825.01,-0.42
1581907285.0820138,255.55,0.19,0.23,1329,0.74,9824.13,0.81
1581907316.9157734,259,0.19,0.23,1334,0.74,9824.12,0.41
1581907348.428625,260.12,0.19,0.23,1335,0.74,9825.81,0.08
1581907383.4678564,260.87,0.2,0.23,1327,0.74,9824.3,0.47
1581907413.4836001,261.18,0.2,0.23,1328,0.74,9824.31,-0.48
1581907445.5384774,261.53,0.2,0.23,1323,0.74,9840.22,0.39
1581907477.4690335,258.82,0.2,0.23,1320,0.73,9840.53,0.15
1581907507.7266002,263.38,0.2,0.23,1319,0.73,9843.81,-0.04
1581907538.5142567,264.35,0.2,0.23,1313,0.73,9843.74,-0.16
1581907568.7072415,267.26,0.2,0.23,1326,0.74,9842.96,0.26
1581907602.0684006,270.97,0.2,0.23,1333,0.74,9835.01,0.48
1581907632.6891942,274.57,0.21,0.23,1336,0.74,9835,0.3
1581907663.5885086,280.08,0.21,0.23,1348,0.75,9830.31,0.58
1581907695.2501314,278.26,0.21,0.23,1346,0.75,9823.07,-0.09
1581907725.6676207,280.21,0.21,0.23,1352,0.75,9819.1,0.39
1581907760.635703,280.97,0.21,0.23,1365,0.76,9827.1,0.33
1581907798.3204286,279.98,0.21,0.23,1357,0.75,9821.78,0.3
1581907830.1324627,278.12,0.21,0.23,1355,0.75,9821.79,0.48
1581907862.5748816,278.14,0.2,0.23,1362,0.76,9821.31,0.25
1581907892.657932,278.69,0.2,0.23,1369,0.76,9829.26,0.14
1581907924.9303877,281.56,0.2,0.23,1377,0.77,9825,0.2
1581907957.9943202,283.53,0.2,0.23,1384,0.77,9825.01,0.82
1581907988.2018669,284.75,0.21,0.23,1388,0.77,9829.78,-0.15
1581908020.9153643,289.65,0.21,0.23,1399,0.78,9830,-0.07
1581908051.8602066,289.58,0.21,0.23,1403,0.78,9830,0.01
1581908085.3946383,285.98,0.2,0.23,1397,0.78,9830,0.24
1581908116.0128818,286.48,0.2,0.23,1409,0.78,9830,0.26
1581908148.2182252,284.61,0.2,0.23,1413,0.79,9835,0.3
1581908178.4417684,284.89,0.2,0.23,1420,0.79,9844.99,0.18
1581908209.8025568,283.33,0.2,0.23,1425,0.79,9844.82,0.6
1581908240.130596,282.53,0.2,0.22,1423,0.79,9845,0.44
1581908272.4535978,284.45,0.2,0.23,1418,0.79,9850,0.3
1581908303.9948957,282.83,0.2,0.21,1423,0.79,9849.99,0.11
1581908336.7362823,282.45,0.2,0.21,1420,0.79,9851.16,-0.2
1581908369.3982427,279.6,0.2,0.21,1407,0.78,9851.27,-0.04
1581908399.9128966,282.39,0.2,0.21,1407,0.78,9848.01,-0.04
1581908430.4509945,288.48,0.2,0.21,1447,0.8,9854.13,-0.54
1581908460.642793,298.17,0.2,0.22,1462,0.81,9854.59,0.57
1581908492.079209,298.02,0.2,0.21,1470,0.82,9855.87,0.1
1581908523.47883,297.7,0.2,0.21,1470,0.82,9854.82,0.67
1581908554.772939,299.98,0.2,0.21,1492,0.83,9849.35,-0.16
1581908586.4882205,299.98,0.2,0.21,1489,0.83,9843.66,0.23
1581908617.326256,302.27,0.2,0.21,1496,0.83,9842.52,-0.15
1581908648.3581674,303.82,0.2,0.21,1496,0.83,9847.97,0.42
1581908679.2135134,302.5,0.2,0.21,1500,0.83,9851.49,0.2
1581908711.7173483,300.72,0.2,0.21,1512,0.84,9851.49,0.15
1581908743.4497733,301.58,0.2,0.21,1516,0.84,9847.61,-0.05
1581908774.1133087,303.26,0.2,0.21,1521,0.85,9847.69,0.28
1581908804.4931142,307.86,0.2,0.21,1538,0.85,9849.54,0.19
1581908835.9496593,311.27,0.2,0.22,1541,0.86,9849.54,0.23
1581908867.542617,304.78,0.2,0.21,1527,0.85,9849.54,-0.08
1581908899.095332,303,0.2,0.21,1521,0.85,9848.55,0.08
1581908929.2242174,300.88,0.2,0.21,1522,0.85,9851.14,0.15
1581908960.409963,302.24,0.2,0.21,1525,0.85,9850.01,0.18
1581908991.298481,303.47,0.2,0.21,1530,0.85,9842.53,0.24
1581909022.0742307,305.8,0.2,0.21,1536,0.85,9840.49,0.35
1581909053.3231754,303.7,0.2,0.21,1536,0.85,9837.5,0.15
1581909084.9234471,305.63,0.2,0.21,1541,0.86,9838.85,0.34
1581909118.3473804,300.19,0.2,0.2,1536,0.86,9838.49,0.07
1581909150.2292857,300.33,0.2,0.21,1531,0.85,9838.31,-0.1
1581909180.364,300.97,0.2,0.21,1531,0.85,9838.31,0.5
1581909210.6080985,299.56,0.19,0.2,1537,0.86,9833.79,0.57
1581909241.5621355,301.45,0.2,0.2,1541,0.86,9832.51,0.73
1581909272.1059024,301.87,0.2,0.2,1547,0.86,9829.12,-0.12
1581909302.4898863,297.05,0.19,0.2,1539,0.86,9836.93,-0.1
1581909333.2498581,294.41,0.19,0.2,1543,0.86,9836.93,-0.06
1581909363.861887,291.64,0.19,0.2,1544,0.86,9845,-0.19
1581909395.7715688,293.49,0.19,0.2,1533,0.85,9847.56,0.28
1581909426.665781,288.69,0.19,0.2,1532,0.85,9847.01,-0.15
1581909458.018604,286.92,0.19,0.19,1532,0.85,9842.49,0.15
1581909488.2987688,287.26,0.19,0.2,1534,0.85,9843.6,0.23
1581909519.7504885,286.86,0.19,0.19,1537,0.85,9842.5,-0.05
1581909550.1999779,284.01,0.19,0.19,1517,0.84,9843.52,0.08
1581909583.6885574,284.59,0.19,0.18,1527,0.85,9843.5,-0.04
1581909613.7013154,288.81,0.19,0.19,1542,0.86,9829.83,0.74
1581909646.8377867,291.98,0.19,0.19,1546,0.86,9830.65,0.7
1581909678.5600395,294,0.19,0.2,1546,0.86,9831.09,-0.82
1581909709.4090073,294.89,0.19,0.2,1525,0.85,9826.62,0.25
1581909739.91272,293.89,0.19,0.2,1521,0.85,9825.75,0.2
1581909769.9751043,295.33,0.19,0.2,1529,0.85,9827.08,0.2
1581909800.806287,296.23,0.19,0.2,1533,0.85,9826.4,0.25
1581909833.54906,297.12,0.19,0.2,1529,0.85,9827.09,0.73
1581909864.3724341,298.17,0.2,0.2,1523,0.85,9832.65,-0.16
1581909895.3167617,299.26,0.2,0.2,1525,0.85,9837.18,0.36
1581909925.6579924,301.46,0.2,0.2,1522,0.85,9832.01,0.04
1581909957.603565,303.5,0.2,0.2,1510,0.84,9828.69,0.22
1581909988.5835652,301.8,0.2,0.2,1510,0.84,9827.65,0.26
1581910022.0112681,304.88,0.2,0.2,1519,0.84,9826.32,0.24
1581910054.24377,304.64,0.2,0.2,1516,0.84,9826.31,0.68
1581910085.396731,303.75,0.2,0.2,1521,0.85,9826.29,0.1
1581910117.175177,304.31,0.2,0.21,1508,0.84,9818,-0.08
1581910147.690015,304.9,0.2,0.21,1517,0.84,9817.44,0.22
1581910178.9062564,306.15,0.2,0.21,1534,0.85,9817.72,-0.03
1581910209.1598892,300.93,0.2,0.21,1502,0.83,9816.07,0.06
1581910239.5986621,296.94,0.2,0.21,1489,0.83,9815.3,0.34
1581910271.1969812,289.38,0.2,0.21,1463,0.81,9816.53,0.17
1581910301.6039605,287.9,0.2,0.21,1455,0.81,9815.43,0.26
1581910332.3889613,287.1,0.2,0.21,1461,0.81,9815.44,0.24
1581910363.3922925,282.71,0.19,0.2,1450,0.81,9823.1,0.3
1581910394.562257,279.48,0.19,0.2,1449,0.81,9823.3,-0.41
1581910425.6690845,276.29,0.19,0.2,1440,0.8,9828.9,-0.36
1581910456.990523,278.08,0.19,0.2,1451,0.81,9823.1,0.3
1581910490.938333,276.79,0.19,0.2,1443,0.8,9821.37,-0.06
1581910521.7284133,279.01,0.19,0.21,1437,0.8,9817.75,0.55
1581910554.3647685,274.29,0.19,0.21,1423,0.79,9810.01,0.28
1581910585.952583,274.76,0.19,0.2,1423,0.79,9793.56,0.18
1581910616.657825,272.27,0.19,0.2,1411,0.78,9814.98,0.52
1581910646.836841,273.23,0.2,0.21,1400,0.78,9817.97,0.75
1581910677.560349,280.93,0.2,0.21,1420,0.79,9817.37,-0.19
1581910709.592627,278.54,0.2,0.21,1414,0.79,9816.62,-0.14
1581910741.3819556,279.3,0.2,0.21,1416,0.79,9806.36,-0.15
1581910776.9673426,269.86,0.19,0.2,1405,0.78,9806.84,-0.41
1581910807.5607896,270.95,0.19,0.2,1400,0.78,9800.82,0.26
1581910837.6182854,272.06,0.19,0.2,1414,0.79,9796.38,0.36
1581910867.9061797,273.32,0.19,0.21,1412,0.79,9787.33,0.3
1581910898.5341277,273.9,0.19,0.21,1408,0.78,9799.47,0.03
1581910930.1986673,274.57,0.2,0.21,1404,0.78,9804.55,0.4
1581910961.1724489,279.08,0.2,0.21,1414,0.79,9805,0.23
1581910992.995569,278.81,0.2,0.21,1409,0.78,9805,0.12
1581911023.276443,279.72,0.2,0.21,1405,0.78,9820,0.55
1581911053.7762918,275.88,0.2,0.21,1396,0.78,9816.29,-0.05
1581911084.2917676,281.02,0.2,0.22,1399,0.78,9819.94,0.09
1581911115.6752641,281.72,0.2,0.22,1396,0.78,9819.99,0.61
1581911145.8179724,285.6,0.2,0.22,1405,0.78,9824.28,0.06
1581911176.3810124,285.67,0.2,0.22,1399,0.78,9826.83,0.39
1581911211.885565,284.74,0.2,0.22,1397,0.78,9821.52,0.18
1581911246.6648452,282.96,0.2,0.22,1398,0.78,9824.3,0.15
1581911281.3343112,282.13,0.2,0.22,1394,0.78,9826.77,0.15
1581911311.535418,282.55,0.2,0.22,1400,0.78,9833.62,0.35
1581911344.665529,283.88,0.2,0.21,1415,0.79,9833.63,0.39
1581911375.3395197,284.62,0.2,0.22,1416,0.79,9833.17,-0.15
1581911405.9790537,281.89,0.2,0.22,1401,0.78,9832.97,0.36
1581911437.4374735,275.84,0.2,0.21,1389,0.77,9820.18,0.51
1581911467.6686077,275.29,0.2,0.21,1397,0.78,9810.82,0.15
1581911497.974224,274.38,0.2,0.21,1400,0.78,9806.62,0.16
1581911528.4650056,272.44,0.19,0.21,1399,0.78,9805.25,0.35
1581911559.722187,271.55,0.19,0.21,1401,0.78,9803.95,-0.22
1581911603.000932,266.1,0.19,0.21,1375,0.76,9807.22,0.26
1581911633.0984557,263.79,0.19,0.21,1371,0.76,9805.49,-0.3
1581911666.522519,265.77,0.19,0.21,1384,0.77,9803.09,-0.04
1581911696.783596,257.07,0.19,0.2,1376,0.76,9811.43,-0.1
1581911726.9131362,258.69,0.19,0.2,1375,0.76,9819.6,0.16
1581911757.3481433,256.49,0.19,0.2,1378,0.77,9821.07,-0.16
1581911787.8758216,253.59,0.18,0.2,1373,0.76,9820.56,-0.01
1581911820.6016695,251.71,0.18,0.2,1365,0.76,9826.31,0.19
1581911853.4645057,255.86,0.19,0.2,1377,0.77,9828.05,0.59
1581911886.5279822,253.51,0.19,0.2,1364,0.76,9821.82,0.66
1581911917.0438263,252.14,0.18,0.2,1368,0.76,9819.77,0.69
1581911948.1719198,251.96,0.19,0.2,1357,0.75,9821.53,0.69
1581911979.0186055,252.73,0.19,0.2,1347,0.75,9826.45,0.36
1581912009.1856928,256.04,0.19,0.2,1378,0.77,9821.53,-0.02
1581912039.552293,262.48,0.19,0.2,1396,0.78,9815.57,0.51
1581912070.3073025,267.15,0.19,0.2,1407,0.78,9805.66,0.64
1581912101.7401853,274.35,0.19,0.2,1417,0.79,9803.45,0.84
1581912132.8166714,276.82,0.2,0.21,1415,0.79,9798.72,0.14
1581912166.9826076,274.38,0.2,0.21,1406,0.78,9802.2,-0.34
1581912197.129928,275.2,0.2,0.2,1401,0.78,9795.48,0.17
1581912231.1696699,276.61,0.2,0.2,1395,0.78,9794.58,0.06
1581912262.6831808,272.77,0.2,0.2,1383,0.77,9796.35,0.4
1581912293.4732969,276.29,0.2,0.2,1378,0.77,9790.19,-0.14
1581912325.1311855,278.26,0.2,0.2,1385,0.77,9787.57,0.1
1581912355.3129988,281.05,0.2,0.2,1381,0.77,9799.14,0.32
1581912386.5711484,280.6,0.2,0.21,1371,0.76,9790.08,-0.1
1581912417.2036366,282.06,0.2,0.2,1377,0.77,9791.61,0.81
1581912448.6612933,281.39,0.2,0.2,1392,0.77,9789.02,0.51
1581912480.1607275,278.94,0.2,0.2,1388,0.77,9797.79,0.36
1581912513.3651538,280.68,0.2,0.2,1393,0.77,9799.58,0.25
1581912544.636462,281.64,0.2,0.2,1398,0.78,9799.98,0.78
1581912574.7694383,285.23,0.2,0.2,1404,0.78,9797.6,0.69
1581912604.942139,287.27,0.2,0.2,1420,0.79,9793.39,0.42
1581912640.6451116,287.39,0.21,0.2,1399,0.78,9791,0.74
1581912672.585298,283.18,0.2,0.2,1393,0.78,9773.07,0.46
1581912705.0932572,281.47,0.2,0.2,1393,0.78,9772.91,0.2
1581912742.4745798,279.53,0.2,0.2,1386,0.77,9784.66,0.4
1581912775.1958334,277.25,0.2,0.2,1382,0.77,9780.5,-0.17
1581912807.3970952,276.97,0.2,0.2,1383,0.77,9768.61,0.22
1581912838.5506942,275.26,0.2,0.2,1396,0.78,9759.1,0.68
1581912872.4167662,274.03,0.2,0.2,1399,0.78,9760.05,0.41
1581912902.9636536,276.63,0.2,0.2,1399,0.78,9763.99,0.44
1581912934.4880424,275.9,0.2,0.2,1399,0.78,9745.98,0.6
1581912964.8189917,278.37,0.2,0.2,1402,0.78,9745.88,-0.01
1581912996.5232267,276,0.2,0.2,1396,0.78,9744.99,0.5
1581913027.1262121,281.93,0.2,0.2,1411,0.78,9753.99,0.67
1581913057.6963458,284.17,0.2,0.2,1404,0.78,9754.49,-0.06
1581913089.03718,289.11,0.2,0.21,1419,0.79,9765,0.25
1581913119.0890162,291.26,0.21,0.21,1412,0.78,9774.83,0.03
1581913149.8086433,291,0.21,0.21,1417,0.79,9785.04,0.12
1581913181.24839,289.32,0.21,0.21,1406,0.78,9799.99,0.51
1581913211.5581737,293.27,0.21,0.21,1408,0.78,9799.38,0.36
1581913244.6605585,293.74,0.21,0.22,1400,0.78,9797.97,0.5
1581913275.646308,294.8,0.21,0.22,1395,0.78,9786.31,0.7
1581913306.332147,295.12,0.21,0.22,1396,0.78,9792.44,0.23
1581913336.6535923,295.25,0.21,0.22,1391,0.77,9793.39,-0.14
1581913367.6146624,293.99,0.21,0.21,1391,0.77,9796.62,0.25
1581913399.805127,296.76,0.21,0.22,1401,0.78,9800,-0.04
1581913432.2011228,299.73,0.21,0.22,1404,0.78,9791.67,0.13
1581913462.5798116,299.92,0.21,0.21,1399,0.78,9781.38,0.46
1581913492.59356,303.99,0.22,0.22,1411,0.78,9773.73,0.36
1581913523.7636566,300.44,0.21,0.21,1407,0.78,9773.95,-0.15
1581913554.942839,302.65,0.21,0.22,1412,0.79,9775.92,0.12
1581913586.4539196,306.36,0.22,0.22,1418,0.79,9776.46,0.34
1581913616.7528,308.27,0.22,0.22,1414,0.79,9777.91,0.77
1581913648.0867698,305.3,0.22,0.22,1406,0.78,9784.21,0.36
1581913678.3406544,306.59,0.22,0.22,1410,0.78,9785,0.07
1581913709.7372456,309.8,0.22,0.23,1421,0.79,9785,0.46
1581913739.9674017,310.38,0.22,0.23,1423,0.79,9782.01,0.2
1581913770.789196,306.91,0.22,0.23,1415,0.79,9785,-0.62
1581913802.211268,305.65,0.22,0.23,1407,0.78,9799.97,0.44
1581913833.0994005,297.4,0.22,0.22,1369,0.76,9793.47,0.13
1581913863.1759095,290.65,0.21,0.22,1356,0.75,9793.27,0.36
1581913894.7683225,286.35,0.21,0.21,1347,0.75,9788.86,0.41
1581913926.2775753,280.52,0.21,0.2,1339,0.74,9785.57,-0.21
1581913956.591104,282.97,0.21,0.2,1343,0.75,9781.22,0.12
1581913987.5411046,282.56,0.21,0.21,1340,0.75,9783.69,-0.01
1581914017.7869346,281.99,0.21,0.2,1346,0.75,9783.67,0.52
1581914047.9024975,281.84,0.21,0.21,1349,0.75,9791.17,0.11
1581914079.716184,282.69,0.21,0.21,1355,0.75,9791.79,0.47
1581914110.5977802,279.91,0.21,0.21,1353,0.75,9789.97,-0.04
1581914142.4147725,279.75,0.21,0.21,1358,0.75,9790.86,-0.03
1581914174.5621035,278.11,0.2,0.2,1362,0.76,9789.76,-0.01
1581914204.7879527,281.97,0.2,0.2,1377,0.77,9779.28,0.31
1581914237.46162,279.8,0.21,0.2,1362,0.76,9774,-0.06
1581914270.136262,275.91,0.21,0.2,1343,0.75,9774.01,0.11
1581914300.5892138,271.68,0.2,0.2,1346,0.75,9770.7,0.01
1581914331.5982437,272.64,0.2,0.2,1344,0.75,9775.04,-0.27
1581914362.2229726,274.02,0.2,0.21,1344,0.75,9771.6,0.6
1581914393.227905,271.83,0.2,0.21,1330,0.74,9766.78,-0.25
1581914426.1681397,273.54,0.21,0.21,1322,0.73,9766.16,0.91
1581914460.851808,275.28,0.21,0.22,1322,0.73,9775,0.26
1581914496.973545,274.44,0.21,0.22,1315,0.73,9780,-0.41
1581914528.2624056,273.04,0.21,0.22,1306,0.73,9778.77,0.45
1581914558.8681436,275.01,0.21,0.22,1312,0.73,9774.51,0.1
1581914590.557391,275.24,0.21,0.23,1313,0.73,9765.01,0.49
1581914625.6815796,274.45,0.21,0.23,1300,0.72,9763.78,0.49
1581914657.4677997,273.58,0.21,0.23,1296,0.72,9756.54,0.49
1581914690.3299396,277.87,0.21,0.23,1295,0.72,9756.05,0.15
1581914722.3745022,277.08,0.21,0.23,1290,0.72,9749.94,0.1
1581914753.2649522,272.61,0.21,0.23,1278,0.71,9741.64,-0.07
1581914785.4744077,275.6,0.22,0.23,1274,0.71,9742.03,0.06
1581914815.5996768,274.75,0.22,0.23,1271,0.71,9722.9,0.49
1581914846.9792135,276.25,0.22,0.23,1264,0.7,9734.65,0.41
1581914877.9990158,273.96,0.22,0.23,1255,0.7,9732.77,-0.04
1581914909.2369196,274.8,0.22,0.23,1256,0.7,9733.57,0.53
1581914940.511303,273.85,0.22,0.23,1249,0.69,9728.36,0.37
1581914972.236712,270.99,0.22,0.23,1246,0.69,9742.78,-0.04
1581915004.279845,269.11,0.22,0.23,1245,0.69,9737.2,0.34
1581915038.811861,262.34,0.21,0.23,1228,0.68,9746.51,0.34
1581915069.1333532,259.82,0.21,0.23,1224,0.68,9755.2,0.66
1581915099.7146308,264.18,0.21,0.23,1236,0.69,9760,0.2
1581915129.8051474,263.53,0.21,0.23,1239,0.69,9760.77,0.15
1581915160.4276505,265.87,0.22,0.23,1232,0.68,9769.37,0.36
1581915191.1748831,267.51,0.22,0.23,1235,0.69,9764.31,0.29
1581915224.7529767,264.78,0.21,0.23,1235,0.69,9764.97,-0.35
1581915259.09914,263.07,0.21,0.23,1228,0.68,9761.96,0.41
1581915291.1456385,265.23,0.22,0.24,1222,0.68,9754.16,0.15
1581915323.4491444,268.81,0.22,0.24,1227,0.68,9759.59,0.58
1581915354.0952015,273.37,0.22,0.24,1236,0.69,9756.57,0.01
1581915385.7281995,273.71,0.22,0.24,1232,0.68,9749.1,0.5
1581915416.3435981,271.83,0.22,0.24,1225,0.68,9742.96,0.24
1581915448.1283557,274.09,0.22,0.24,1237,0.69,9740.23,0.56
1581915478.632527,275.03,0.22,0.24,1234,0.69,9735.09,0.74
1581915510.1752741,274.65,0.22,0.24,1222,0.68,9737.72,0.25
1581915542.1703691,275.89,0.23,0.24,1223,0.68,9745,0.15
1581915572.5249739,275.32,0.22,0.24,1226,0.68,9745,0.58
1581915602.6052704,278.96,0.23,0.24,1227,0.68,9757.79,0.72
1581915632.831103,288.97,0.23,0.25,1275,0.71,9765.01,0.36
1581915663.2162473,291.75,0.23,0.25,1276,0.71,9767.03,-0.27
1581915694.0853267,294.95,0.23,0.25,1303,0.72,9776.31,0.49
1581915724.7524714,297,0.23,0.25,1307,0.73,9774.73,0.87
1581915755.3472018,299.71,0.23,0.25,1320,0.73,9808.45,0.49
1581915786.2598958,300.85,0.23,0.25,1337,0.74,9815.07,-0.02
1581915816.6902447,303,0.22,0.25,1354,0.75,9806.12,0.2
1581915847.3051414,301.85,0.22,0.24,1348,0.75,9794.96,0.2
1581915877.507743,302.65,0.22,0.25,1357,0.75,9798.66,-0.04
1581915911.8712528,301.59,0.22,0.24,1354,0.75,9796.8,0.17
1581915942.2699416,303.7,0.22,0.25,1361,0.76,9804.14,-0.25
1581915973.8375459,305.58,0.23,0.25,1358,0.75,9796.8,0.67
1581916004.9316452,304.47,0.23,0.25,1353,0.75,9793.78,-0.16
1581916035.5261152,310.33,0.23,0.25,1357,0.75,9794.63,0.35
1581916067.2032473,316.1,0.23,0.25,1383,0.77,9787.92,0.58
1581916098.0597787,318.32,0.23,0.25,1375,0.76,9790.9,0.49
1581916128.1641881,320.9,0.23,0.25,1376,0.76,9784.55,-0.03
1581916158.2111769,317.74,0.23,0.25,1368,0.76,9788.55,0.41
1581916192.3057566,320.97,0.23,0.25,1380,0.77,9791.84,-0.07
1581916222.9233744,319.2,0.23,0.25,1378,0.77,9791.28,0.05
1581916255.548745,316.99,0.23,0.25,1380,0.77,9781.59,-0.3
1581916311.1408036,314.64,0.23,0.25,1371,0.76,9784.9,0.08
1581916341.5910609,325.62,0.23,0.25,1409,0.78,9784.17,0.51
1581916372.5143816,325.98,0.23,0.25,1410,0.78,9783.34,0.51
1581916404.735231,325.97,0.23,0.25,1406,0.78,9789.03,0.54
1581916435.7543566,325.05,0.23,0.25,1412,0.78,9788.68,-0.5
1581916466.2463615,324.7,0.23,0.25,1407,0.78,9787.68,0.49
1581916496.9048915,323.48,0.23,0.25,1404,0.78,9793.45,0.15
1581916527.3134975,324.22,0.23,0.25,1413,0.79,9796.81,-0.25
1581916563.255159,325.32,0.23,0.25,1415,0.79,9803.59,0.27
1581916593.5324068,321.14,0.23,0.25,1407,0.78,9797.36,-0.37
1581916623.682588,319.7,0.23,0.25,1404,0.78,9797.78,0.48
1581916653.7668054,320.52,0.23,0.25,1401,0.78,9804.95,0.54
1581916686.3846295,316.64,0.23,0.24,1392,0.77,9805.05,0.18
1581916718.6833503,313.79,0.23,0.24,1392,0.77,9810,0.14
1581916749.7691326,314.43,0.23,0.24,1384,0.77,9810,0.12
1581916780.039229,313.4,0.23,0.24,1383,0.77,9810,-0.04
1581916810.703558,317.06,0.23,0.24,1394,0.77,9796,0.16
1581916840.7260973,315.7,0.23,0.24,1394,0.77,9785.01,-0.1
1581916870.7836938,316.74,0.23,0.24,1403,0.78,9781.01,-0.02
1581916903.8441947,310.53,0.22,0.24,1381,0.77,9779.01,0.15
1581916934.6670544,308.61,0.22,0.24,1375,0.76,9777.95,-0.05
1581916964.8530684,309.02,0.22,0.24,1381,0.77,9775.01,-0.19
1581916998.1521637,307.86,0.22,0.24,1377,0.77,9765.47,0.53
1581917033.940775,312.31,0.23,0.24,1378,0.77,9765.28,0.44
1581917065.3930933,314.15,0.23,0.24,1389,0.77,9772.49,0.87
1581917095.5988812,312.49,0.23,0.24,1384,0.77,9772.41,-0.49
1581917129.1938171,311.67,0.22,0.24,1388,0.77,9769.52,0.68
1581917159.2850332,312.03,0.22,0.24,1399,0.78,9774.51,0.68
1581917190.4441378,311.19,0.22,0.23,1400,0.78,9774.52,0.1
1581917221.4019406,312.89,0.22,0.23,1407,0.78,9770.91,0.27
1581917253.1592853,313.6,0.22,0.23,1406,0.78,9767.5,0.26
1581917283.6454744,311.61,0.22,0.23,1406,0.78,9769.46,0.41
1581917314.5871677,310.44,0.22,0.22,1411,0.78,9768.4,-0.4
1581917344.831422,311.58,0.22,0.22,1416,0.79,9762.99,0.49
1581917377.1893067,314.26,0.22,0.22,1423,0.79,9764.28,0.26
1581917407.3187916,312.52,0.22,0.22,1422,0.79,9767.58,0.35
1581917440.2445114,306.43,0.22,0.22,1389,0.77,9767.58,0.17
1581917471.1893241,305.48,0.22,0.21,1383,0.77,9778.17,0.31
1581917502.527486,301.69,0.22,0.21,1368,0.76,9778.17,0.34
1581917537.214384,294.19,0.22,0.21,1337,0.74,9774.66,0.25
1581917567.2782574,293.19,0.22,0.22,1326,0.74,9776.19,-0.21
1581917597.9831975,291.62,0.22,0.22,1299,0.72,9778.55,0.13
1581917631.8575299,294.2,0.23,0.23,1303,0.72,9779.99,0.15
1581917662.037676,291.06,0.22,0.23,1297,0.72,9786.54,-0.04
1581917692.075271,290.82,0.22,0.23,1297,0.72,9791.27,0.1
1581917722.6109805,291.17,0.23,0.23,1293,0.72,9791.27,-0.21
1581917753.6736917,286.39,0.22,0.22,1284,0.71,9791.26,-0.17
1581917791.252946,287.07,0.22,0.22,1281,0.71,9777.54,-0.4
1581917822.4448247,288.17,0.23,0.23,1276,0.71,9767.73,0.38
1581917854.0837145,285.02,0.23,0.23,1263,0.7,9785.19,0.1
1581917887.5598502,281.79,0.23,0.23,1251,0.7,9791.03,0.51
1581917919.0033984,283.83,0.23,0.23,1259,0.7,9791.04,-0.08
1581917949.8873026,286.14,0.23,0.23,1269,0.71,9797.34,-0.06
1581917979.923841,281.77,0.22,0.22,1268,0.7,9798.91,-0.26
1581918014.0958211,284.76,0.22,0.22,1268,0.71,9800,0.61
1581918044.384893,288.35,0.23,0.22,1280,0.71,9800,0.31
1581918075.5197265,289.75,0.23,0.22,1287,0.72,9800,-0.36
1581918105.5767417,293.78,0.22,0.22,1309,0.73,9800,0.08
1581918136.2356234,280.4,0.22,0.21,1269,0.71,9800,0.12
1581918166.9972415,278.82,0.22,0.2,1271,0.71,9797.1,-0.6
1581918197.8194525,283.5,0.22,0.21,1283,0.71,9799.99,0.02
1581918229.6303487,288.14,0.22,0.22,1294,0.72,9799.99,0.07
1581918259.88739,296.08,0.23,0.23,1313,0.73,9800,0.25
1581918290.5242658,299.29,0.23,0.23,1324,0.74,9795.01,0.24
1581918321.540512,302.64,0.23,0.23,1337,0.74,9793.67,-0.22
1581918354.1829426,303.58,0.23,0.23,1341,0.75,9790.55,0.8
1581918385.9045784,308.96,0.23,0.23,1350,0.75,9800,0.69
1581918417.584804,313.23,0.23,0.23,1367,0.76,9800,-0.42
1581918447.939488,312.65,0.23,0.23,1380,0.77,9795.73,0.19
1581918478.1422012,318.21,0.23,0.23,1385,0.77,9795.73,0.3
1581918512.1679842,321.63,0.23,0.23,1387,0.77,9800,0.15
1581918545.6483243,325.23,0.23,0.23,1392,0.77,9800,0.22
1581918576.1440105,326.62,0.23,0.23,1403,0.78,9793.7,0.22
1581918607.7711887,327.96,0.23,0.23,1413,0.79,9782.5,0.3
1581918638.0734458,336.45,0.23,0.23,1435,0.8,9786.22,0.35
1581918670.9192255,343.18,0.24,0.24,1437,0.8,9782.7,0.24
1581918702.7921352,348.8,0.24,0.24,1457,0.81,9789.01,-0.09
1581918733.037449,354.83,0.24,0.24,1480,0.82,9788.97,0.54
1581918767.0879798,355.24,0.24,0.24,1483,0.82,9782.92,0.11
1581918799.7805686,358.39,0.24,0.24,1492,0.83,9782.92,0.84
1581918831.701132,362,0.24,0.24,1506,0.84,9771.51,0.45
1581918862.620796,367.25,0.24,0.24,1521,0.85,9773.05,0.2
1581918893.3669152,368.96,0.24,0.24,1535,0.85,9771.94,0.49
1581918925.8602638,371.93,0.24,0.24,1545,0.86,9770,0.14
1581918959.1627638,371.79,0.24,0.24,1535,0.85,9771.31,0.2
1581918992.9531953,373.35,0.24,0.24,1540,0.86,9770.8,0.15
1581919023.2797675,371.23,0.24,0.24,1537,0.85,9770.06,0.67
1581919053.960838,371.88,0.24,0.24,1548,0.86,9767.51,0.28
1581919085.0774534,372.37,0.24,0.23,1549,0.86,9765.02,0.17
1581919117.2289054,375.94,0.24,0.24,1557,0.87,9764.22,0.09
1581919148.3798423,376.5,0.24,0.24,1550,0.86,9764.54,0.57
1581919185.9775565,379.48,0.24,0.24,1552,0.86,9775.54,-0.09
1581919216.2086098,376.58,0.24,0.24,1586,0.88,9774.14,-0.17
1581919246.4138443,375.71,0.24,0.24,1591,0.88,9766.97,0.48
1581919278.4084845,376.99,0.24,0.24,1594,0.89,9764.93,0.1
1581919308.8542204,380.1,0.24,0.24,1594,0.89,9769.88,0.15
1581919340.3748965,381.01,0.24,0.24,1610,0.9,9769.87,0.46
1581919372.095813,379.56,0.23,0.23,1619,0.9,9768.39,0.82
1581919405.2676058,379.45,0.24,0.23,1614,0.9,9764.87,0.14
1581919437.5978227,375.78,0.24,0.23,1598,0.89,9766.26,0.22
1581919467.6173062,378.14,0.24,0.23,1605,0.89,9764.43,0.04
1581919498.4505394,379.09,0.24,0.24,1608,0.89,9767.79,-0.32
1581919529.1088226,380,0.24,0.23,1617,0.9,9788.22,-0.2
1581919559.1322305,377.53,0.23,0.23,1616,0.9,9781.5,-0.17
1581919594.3037925,376.33,0.23,0.23,1625,0.9,9792,0.21
1581919626.217601,374.2,0.23,0.23,1626,0.9,9789.25,0.22
1581919657.998457,372.8,0.23,0.23,1621,0.9,9789.72,-0.32
1581919690.1817734,372.22,0.23,0.23,1629,0.91,9791.03,-0.11
1581919723.1946805,366.53,0.23,0.22,1616,0.9,9791.5,-0.09
1581919753.2081118,365.17,0.23,0.22,1613,0.9,9797.02,-0.17
1581919784.3023884,365.41,0.23,0.22,1608,0.89,9797.63,0.14
1581919817.3329918,359.64,0.22,0.22,1610,0.9,9797.63,-0.04
1581919848.9138927,358.8,0.22,0.22,1609,0.89,9797.63,0.08
1581919879.3442514,364.3,0.22,0.22,1623,0.9,9797.23,0.12
1581919910.6776853,363.86,0.23,0.22,1615,0.9,9796.94,0.15
1581919940.9048536,364.2,0.23,0.22,1617,0.9,9794.84,0.42
1581919970.9459739,365.44,0.23,0.22,1609,0.89,9791.38,0.33
1581920002.4238381,359.16,0.22,0.22,1600,0.89,9794.84,0.6
1581920032.7697737,353.53,0.22,0.22,1596,0.89,9805.91,0.12
1581920063.760811,347.61,0.22,0.22,1583,0.88,9807.35,0.3
1581920094.4466333,343.02,0.22,0.22,1570,0.87,9806.82,0.3
1581920126.0941699,337.92,0.22,0.22,1552,0.86,9806.72,0.49
1581920157.1565366,336.28,0.22,0.22,1553,0.86,9798.42,0.1
1581920188.907561,332.15,0.21,0.22,1549,0.86,9801.29,0.65
1581920219.2612052,327.6,0.21,0.21,1537,0.85,9803.08,0.29
1581920249.5563488,326.06,0.21,0.21,1520,0.85,9807.34,-0.04
1581920283.8506422,319.62,0.21,0.2,1515,0.84,9813.25,0.16
1581920315.7259376,317.52,0.21,0.2,1509,0.84,9825.38,-0.35
1581920346.4848866,315.34,0.21,0.2,1502,0.83,9825.37,0.27
1581920378.4753456,313.79,0.21,0.2,1490,0.83,9825.37,0.07
1581920409.0663214,312.24,0.21,0.2,1483,0.82,9825.99,-0.2
1581920439.967209,309.83,0.21,0.2,1483,0.82,9820.3,0.07
1581920470.428984,305.16,0.21,0.2,1469,0.82,9826.14,0.81
1581920506.4274435,302.98,0.21,0.2,1449,0.81,9829.97,-0.15
1581920539.182184,296.41,0.21,0.2,1428,0.79,9825.01,0.26
1581920569.3151913,299.75,0.21,0.2,1434,0.8,9825.01,0.2
1581920600.2967975,295.75,0.21,0.2,1427,0.79,9834.71,-0.04
1581920630.9153593,291.27,0.21,0.2,1413,0.79,9834.5,0.41
1581920661.7891464,284.87,0.2,0.2,1401,0.78,9827.51,0.15
1581920692.1744072,283.4,0.2,0.2,1401,0.78,9827.51,0.16
1581920725.1407151,278.08,0.2,0.2,1374,0.76,9831.91,0.82
1581920756.2650092,274.95,0.2,0.2,1365,0.76,9834.23,0.2
1581920788.7052603,274.13,0.2,0.2,1352,0.75,9835.85,0.17
1581920819.2962115,277.05,0.2,0.2,1362,0.76,9837,0.54
1581920850.424724,274.84,0.2,0.2,1348,0.75,9827.06,0.18
1581920880.9916747,270.84,0.2,0.2,1339,0.75,9825.16,0.06
1581920912.3552628,266.58,0.2,0.2,1334,0.74,9818.08,0.82
1581920944.835211,265.43,0.2,0.2,1334,0.74,9819.03,0.18
1581920977.436344,261.23,0.2,0.2,1326,0.74,9820.65,0.15
1581921007.548416,263.06,0.2,0.2,1316,0.73,9820.65,0.54
1581921037.9348624,262.08,0.2,0.2,1294,0.72,9820.65,0.25
1581921068.693354,261.37,0.2,0.2,1289,0.72,9820.65,-0.16
1581921098.9089932,261.47,0.2,0.2,1292,0.72,9818.91,-0.2
1581921131.835187,261.37,0.2,0.2,1298,0.72,9817.99,0.17
1581921164.8519025,264.65,0.2,0.2,1295,0.72,9811,0.28
1581921196.597847,264.45,0.2,0.2,1294,0.72,9816.05,-0.12
1581921227.6156397,264.99,0.2,0.2,1300,0.73,9810,0.76
1581921261.5258548,266.4,0.21,0.2,1298,0.72,9807.5,-0.22
1581921296.4007902,262.71,0.2,0.2,1284,0.71,9805.21,0.39
1581921326.5154872,261.94,0.2,0.2,1281,0.71,9805.21,0.1
1581921360.689679,263.01,0.2,0.2,1284,0.71,9805.21,0.15
1581921391.585853,259.05,0.2,0.2,1270,0.71,9809.16,0.2
1581921422.3748007,263.11,0.21,0.2,1283,0.71,9809.16,0.32
1581921453.3968377,265.47,0.21,0.2,1289,0.72,9811.9,-0.07
1581921484.2703695,270.03,0.21,0.2,1294,0.72,9805.21,-0.04
1581921515.4260657,272.3,0.21,0.2,1295,0.72,9805.21,0.32
1581921546.4016836,272.81,0.21,0.2,1297,0.72,9805.21,0.01
1581921578.0571122,271.37,0.21,0.2,1286,0.71,9800.29,0.05
1581921608.6872137,272.76,0.21,0.2,1281,0.71,9790.25,0.1
1581921639.6038914,272.28,0.21,0.2,1277,0.71,9794.97,0.24
1581921675.1158981,270.08,0.21,0.2,1267,0.7,9792.54,0.33
1581921707.7201912,271.31,0.21,0.2,1269,0.71,9799.93,0.79
1581921738.9484441,270.94,0.22,0.2,1260,0.7,9808.51,-0.04
1581921769.827246,274.08,0.22,0.21,1271,0.71,9812.82,0.35
1581921799.8511817,275.04,0.22,0.21,1265,0.7,9812.83,0.15
1581921831.2557619,276.45,0.22,0.21,1269,0.71,9806.11,-0.16
1581921861.3696377,272.45,0.22,0.21,1261,0.7,9806.84,0.64
1581921892.4398534,273.99,0.21,0.2,1279,0.71,9807.87,-0.27
1581921926.7002308,279.14,0.22,0.2,1292,0.72,9808.18,0.4
1581921957.1875525,279.44,0.22,0.21,1288,0.72,9808.18,0.33
1581921990.2272847,279.24,0.22,0.21,1288,0.72,9803.59,0.39
1581922025.3135726,281.21,0.22,0.21,1294,0.72,9800,0.14
1581922056.3528862,283.85,0.22,0.22,1292,0.72,9800.01,0.31
1581922086.3808322,284.92,0.22,0.22,1297,0.72,9800.01,-0.01
1581922121.531543,285.4,0.22,0.22,1293,0.72,9797.8,0.67
1581922152.4444249,285.88,0.22,0.22,1302,0.72,9779.44,0.36
1581922188.2422907,283.89,0.22,0.22,1300,0.72,9773.94,0.87
1581922219.9257622,285.87,0.22,0.22,1298,0.72,9785.21,-0.19
1581922251.3018687,285.17,0.22,0.22,1289,0.72,9774.19,0.51
1581922281.783814,284.44,0.22,0.22,1296,0.72,9780.35,0.25
1581922311.989633,283.62,0.22,0.21,1307,0.73,9775.94,0.26
1581922343.5138354,282.16,0.22,0.21,1306,0.73,9780.14,0.2
1581922374.9498494,281,0.22,0.22,1304,0.72,9780.15,0.25
1581922405.6216002,280.98,0.22,0.22,1302,0.72,9780.15,0.26
1581922436.6718874,283.59,0.22,0.22,1299,0.72,9782.71,-0.25
1581922468.1542938,281.67,0.22,0.22,1291,0.72,9784.16,0.23
1581922498.815518,284,0.22,0.23,1286,0.72,9785.26,0.51
1581922531.6289487,286.21,0.22,0.22,1292,0.72,9787.89,0.4
1581922565.3143163,281.09,0.22,0.22,1277,0.71,9787.89,-0.05
1581922595.4392943,279.99,0.22,0.22,1280,0.71,9787.5,0.82
1581922626.3869665,272.89,0.22,0.21,1267,0.7,9787.51,-0.59
1581922656.6359158,275.15,0.22,0.22,1274,0.71,9787.89,0.49
1581922687.6596344,276.49,0.22,0.22,1273,0.71,9787.89,0.26
1581922718.219022,277.46,0.22,0.22,1277,0.71,9787.89,0.2
1581922748.245496,277.6,0.22,0.23,1279,0.71,9787.88,0.15
1581922779.177988,276.98,0.22,0.22,1279,0.71,9783.78,0.18
1581922809.4287257,280.32,0.22,0.22,1302,0.72,9785.84,0.19
1581922841.9098918,281.34,0.22,0.23,1303,0.72,9787.88,-0.3
1581922872.9211228,278.75,0.21,0.22,1305,0.73,9800,0.1
1581922903.4244373,283.55,0.21,0.23,1327,0.74,9799.99,0.4
1581922933.6689734,292.69,0.22,0.24,1350,0.75,9800,0.25
1581922965.5011656,295.43,0.22,0.24,1360,0.76,9800,0.39
1581922996.6843202,304.19,0.22,0.24,1383,0.77,9800,0.35
1581923028.262511,308.87,0.22,0.24,1402,0.78,9800,0.12
1581923059.2124841,306.83,0.22,0.24,1412,0.79,9799.99,0.48
1581923089.5792668,311.49,0.22,0.24,1432,0.8,9782.5,-0.1
1581923119.827214,316.86,0.22,0.24,1452,0.81,9779.93,0.3
1581923150.4373145,318.58,0.22,0.24,1459,0.81,9779.26,0.24
1581923181.8308449,320.76,0.22,0.25,1476,0.82,9781.68,-0.1
1581923211.9362156,318.85,0.22,0.24,1481,0.82,9777.93,0.47
1581923244.5242188,320.91,0.22,0.24,1489,0.83,9777.12,-0.07
1581923274.820929,321.57,0.22,0.24,1490,0.83,9780,-0.03
1581923305.1249385,322.13,0.21,0.24,1499,0.83,9786.47,0.1
1581923337.2989275,325.85,0.22,0.24,1507,0.84,9795.78,0.81
1581923368.6749437,329.38,0.22,0.24,1518,0.84,9796.63,0.4
1581923400.6077888,329.92,0.22,0.25,1523,0.85,9798.14,0.54
1581923431.1416857,331.94,0.22,0.25,1528,0.85,9798.76,0.33
1581923461.2062643,331.83,0.22,0.25,1537,0.85,9800,-0.04
1581923493.6180196,334.67,0.22,0.25,1539,0.86,9799.94,0.48
1581923523.740276,335.95,0.22,0.25,1547,0.86,9799.93,0.2
1581923556.7178981,334.21,0.22,0.24,1547,0.86,9806.85,0.3
1581923588.2222776,333.02,0.21,0.24,1562,0.87,9806.85,0.12
1581923619.3484921,332.49,0.21,0.24,1560,0.87,9806.85,-0.25
1581923649.6788883,334.01,0.21,0.24,1555,0.86,9802.68,-0.41
1581923679.9438977,339.84,0.22,0.25,1558,0.87,9798.75,0.31
1581923710.4804883,340.09,0.22,0.25,1549,0.86,9798.76,0.47
1581923740.9892538,337.09,0.22,0.25,1552,0.86,9798.76,0.03
1581923771.1788123,341.67,0.22,0.25,1564,0.87,9806.84,0.06
1581923801.6674485,337.34,0.22,0.25,1564,0.87,9807.99,0.57
1581923832.2708893,338.04,0.22,0.25,1572,0.88,9807.99,0.52
1581923862.3534153,336.54,0.21,0.25,1570,0.87,9812.49,-0.25
1581923892.7629857,340.01,0.22,0.25,1579,0.88,9816.71,0.46
1581923924.1305413,342.98,0.22,0.25,1595,0.89,9816.7,0.26
1581923955.1500027,345.41,0.22,0.25,1592,0.88,9815.27,0.22
1581923987.5940366,350.62,0.22,0.25,1601,0.89,9815.91,-0.04
1581924017.6272879,351.71,0.22,0.25,1611,0.9,9815.27,0.44
1581924048.8802772,353.4,0.22,0.25,1623,0.9,9820.07,0.5
1581924079.1254058,354.42,0.22,0.25,1633,0.91,9818.45,0.4
1581924110.173038,354.22,0.22,0.25,1630,0.91,9815.97,0.05
1581924146.7981527,352.67,0.22,0.25,1615,0.9,9802.89,0.23
1581924176.899299,353.49,0.22,0.25,1621,0.9,9802.4,0.3
1581924207.575659,355.28,0.22,0.25,1627,0.9,9802.3,0.08
1581924239.4092839,358.22,0.22,0.25,1641,0.91,9803.98,0.13
1581924269.5783257,360.95,0.22,0.25,1651,0.92,9804.37,0.23
1581924300.579275,358.03,0.22,0.25,1655,0.92,9804.36,0.3
1581924330.7526255,359.91,0.22,0.25,1661,0.92,9802.29,-0.16
1581924362.4571145,365.76,0.22,0.25,1673,0.93,9802.3,0.39
1581924392.5876606,367.51,0.22,0.25,1674,0.93,9803.58,0.2
1581924422.6734185,370.51,0.22,0.25,1682,0.94,9804.23,0.62
1581924453.0749252,374.63,0.22,0.25,1696,0.94,9804.37,0.39
1581924485.3229425,371.1,0.22,0.25,1686,0.94,9804.37,0.25
1581924515.7811499,373.03,0.22,0.25,1692,0.94,9804.37,0.3
1581924547.421298,371.18,0.22,0.25,1689,0.94,9804.36,0.18
1581924578.3551192,373.24,0.22,0.25,1698,0.94,9804.37,0.07
1581924608.540227,368.16,0.22,0.25,1670,0.93,9804.36,0.48
1581924640.3256013,368.05,0.22,0.25,1663,0.92,9796.09,-0.1
1581924670.802019,371.16,0.22,0.25,1668,0.93,9795.79,0.46
1581924702.6411734,371.07,0.23,0.25,1647,0.92,9788.82,0.3
1581924732.9988184,365.18,0.22,0.25,1638,0.91,9791.09,0.2
1581924763.3008206,359.65,0.22,0.25,1624,0.9,9790,0.5
1581924794.9680073,354.28,0.22,0.24,1613,0.9,9790,-0.15
1581924825.8759875,354.78,0.22,0.24,1606,0.89,9790.01,0.39
1581924857.3221452,357.36,0.22,0.25,1599,0.89,9790.01,0.93
1581924889.0692818,359.46,0.23,0.25,1595,0.89,9790.01,-0.42
1581924919.6227891,359.81,0.23,0.25,1588,0.88,9782.44,0.39
1581924953.7587829,363.24,0.23,0.25,1582,0.88,9781.8,0.84
1581924983.9656637,366.29,0.23,0.25,1584,0.88,9780.42,-0.2
1581925014.3633382,369.98,0.23,0.25,1587,0.88,9780.42,0.56
1581925046.6421816,368.79,0.23,0.25,1581,0.88,9780.5,0.53
1581925077.658808,369.24,0.23,0.25,1581,0.88,9780.5,0.18
1581925108.0031135,373.22,0.23,0.25,1593,0.89,9788,0.3
1581925138.1080532,372.07,0.23,0.25,1603,0.89,9787.71,0.04
1581925168.5492485,373.75,0.23,0.24,1614,0.9,9787.17,-0.01
1581925200.583077,377.65,0.23,0.24,1628,0.9,9787.17,0.24
1581925231.7168958,380.61,0.23,0.24,1634,0.91,9788,0.23
1581925261.7972214,383.6,0.23,0.24,1636,0.91,9788,0.7
1581925292.6110919,391.21,0.24,0.25,1661,0.92,9787.99,-0.15
1581925324.9036748,390.01,0.23,0.25,1666,0.93,9790,-0.23
1581925357.9796762,394.02,0.24,0.25,1670,0.93,9789.99,0.04
1581925388.4424694,397.6,0.24,0.25,1665,0.93,9790,0.81
1581925418.5186281,405.34,0.24,0.25,1686,0.94,9790,0.34
1581925449.0094178,407.6,0.24,0.25,1698,0.94,9790,0.4
1581925479.0490794,410.77,0.24,0.25,1706,0.95,9790,0.35
1581925509.2929273,409.75,0.24,0.25,1724,0.96,9790,0.49
1581925539.4251416,414.94,0.24,0.25,1735,0.96,9789.99,0.2
1581925569.5661917,418.85,0.24,0.25,1746,0.97,9788.01,0.14
1581925599.600898,423.83,0.24,0.25,1752,0.97,9785,0.51
1581925632.2492275,427.49,0.24,0.25,1761,0.98,9780.8,0.18
1581925662.4727452,430.62,0.24,0.25,1776,0.99,9780.47,0.35
1581925692.7505982,430.81,0.24,0.25,1779,0.99,9779.5,0.39
1581925724.849391,434.15,0.25,0.25,1767,0.99,9780.41,0.26
1581925757.6304858,435.39,0.24,0.25,1780,0.99,9780.41,0.29
1581925790.523138,436.94,0.25,0.25,1783,0.99,9776.71,0.3
1581925821.0738237,434.08,0.24,0.25,1784,0.99,9778.67,0.25
1581925851.5740666,435.91,0.24,0.25,1780,0.99,9775.01,0.51
1581925882.7285094,441.29,0.25,0.25,1785,0.99,9773.23,0.39
1581925914.544574,451.25,0.25,0.25,1812,1.01,9773.24,0.7
1581925945.520905,449.03,0.25,0.25,1820,1.01,9767.51,0.25
1581925975.8530781,452.37,0.25,0.25,1819,1.01,9765.55,-0.3
1581926006.4958856,455.05,0.25,0.25,1831,1.02,9760.52,0.32
1581926037.0310724,449.7,0.25,0.25,1827,1.02,9767.3,-0.2
1581926067.5141864,450.4,0.25,0.25,1827,1.02,9761.97,0.3
1581926097.544707,451.7,0.25,0.25,1838,1.02,9768.15,-0.04
1581926130.153921,453.78,0.25,0.25,1842,1.02,9768.14,0.39
1581926163.5212457,454.46,0.25,0.25,1847,1.03,9766.67,0.51
1581926194.402016,462.78,0.25,0.26,1867,1.04,9768.24,0.18
1581926224.4879382,464.58,0.25,0.26,1863,1.04,9766.14,0.4
1581926255.2077909,466.58,0.25,0.26,1866,1.04,9760.33,0.45
1581926286.606381,466.9,0.25,0.26,1876,1.04,9760.35,0.28
1581926316.9337363,471.08,0.25,0.25,1889,1.05,9760.37,0.39
1581926348.3329802,478.11,0.25,0.26,1907,1.06,9760.36,0.57
1581926378.4508898,478.87,0.25,0.26,1914,1.06,9760.35,0.45
